{
 "cells": [
  {
   "cell_type": "code",
   "execution_count": null,
   "metadata": {},
   "outputs": [],
   "source": [
    "# %load_ext autoreload\n",
    "# %autoreload 2"
   ]
  },
  {
   "cell_type": "code",
   "execution_count": 2,
   "metadata": {},
   "outputs": [],
   "source": [
    "from acemodel import AceModel, Children\n",
    "from acemodel import default_mtd, corr_rand_mtd\n",
    "from spew_data.spew import * "
   ]
  },
  {
   "cell_type": "code",
   "execution_count": 3,
   "metadata": {},
   "outputs": [],
   "source": [
    "import brfss\n",
    "from brfss import bfs_data"
   ]
  },
  {
   "cell_type": "code",
   "execution_count": 4,
   "metadata": {},
   "outputs": [],
   "source": [
    "# scbrfss = bfs_data('./brfss/SCBRFSS.csv')"
   ]
  },
  {
   "cell_type": "code",
   "execution_count": 5,
   "metadata": {},
   "outputs": [
    {
     "data": {
      "text/plain": [
       "90314"
      ]
     },
     "execution_count": 5,
     "metadata": {},
     "output_type": "execute_result"
    }
   ],
   "source": [
    "data_prex = './spew_data/2010_ver1_45079_synth_'\n",
    "cdl_data = cdn_data(data_prex)\n",
    "len(cdl_data)"
   ]
  },
  {
   "cell_type": "code",
   "execution_count": 6,
   "metadata": {},
   "outputs": [],
   "source": [
    "def simulate_stack(mtd, step_num = 1000, display = False):    \n",
    "\n",
    "    acemodel_list = [\n",
    "        AceModel(cdl_data[\n",
    "            (cdl_data[['_RACE_G1', '_INCOMG']] == [r,i]).all(axis = 1)\n",
    "        ], r, i, step_method = mtd)\n",
    "        for r in list(brfss.race_list.keys())[1:]\n",
    "        for i in list(brfss.income_list.keys())[1:]\n",
    "                    ]\n",
    "    \n",
    "    for i in range(step_num):\n",
    "        [acemodel.step() for acemodel in acemodel_list]\n",
    "\n",
    "    result = [res for res in [\n",
    "            acemodel.datacollector.model_vars['Output'][-1]\n",
    "            for acemodel in acemodel_list]\n",
    "                if len(res) > 0\n",
    "            ]\n",
    "    \n",
    "    result_df = pd.concat(result, axis = 0, \n",
    "                          ignore_index = True)\n",
    "    \n",
    "    if not display:\n",
    "        return result_df\n",
    "    \n",
    "    result_bfs = bfs_data(result_df)\n",
    "    \n",
    "    for r in list(brfss.race_list.keys())[1:]:\n",
    "        for i in list(brfss.income_list.keys())[1:]:\n",
    "            print('RACE: ' + str(brfss.race_list[r]) + ' INCOME: ' + str(brfss.income_list[i]))\n",
    "            display(result_bfs.get_corr_mat(r,i))\n",
    "    return result_df"
   ]
  },
  {
   "cell_type": "code",
   "execution_count": 7,
   "metadata": {},
   "outputs": [],
   "source": [
    "# scbrfss.get_corr_mat(1,1)"
   ]
  },
  {
   "cell_type": "code",
   "execution_count": 8,
   "metadata": {},
   "outputs": [],
   "source": [
    "corr_model = AceModel(cdl_data[\n",
    "    (cdl_data[['_RACE_G1', '_INCOMG']] == [1,1]).all(axis = 1)\n",
    "], 1, 1, step_method = corr_rand_mtd)"
   ]
  },
  {
   "cell_type": "code",
   "execution_count": null,
   "metadata": {},
   "outputs": [],
   "source": [
    "for i in range(1000):\n",
    "    corr_model.step()\n",
    "    \n",
    "res = corr_model.datacollector.model_vars['Output'][-1]; res"
   ]
  },
  {
   "cell_type": "code",
   "execution_count": null,
   "metadata": {},
   "outputs": [],
   "source": [
    "bfs_data(res).get_prop_mat(1,1)['pr']"
   ]
  },
  {
   "cell_type": "code",
   "execution_count": 10,
   "metadata": {},
   "outputs": [
    {
     "data": {
      "text/html": [
       "<div>\n",
       "<style scoped>\n",
       "    .dataframe tbody tr th:only-of-type {\n",
       "        vertical-align: middle;\n",
       "    }\n",
       "\n",
       "    .dataframe tbody tr th {\n",
       "        vertical-align: top;\n",
       "    }\n",
       "\n",
       "    .dataframe thead th {\n",
       "        text-align: right;\n",
       "    }\n",
       "</style>\n",
       "<table border=\"1\" class=\"dataframe\">\n",
       "  <thead>\n",
       "    <tr style=\"text-align: right;\">\n",
       "      <th></th>\n",
       "      <th>depress</th>\n",
       "      <th>alcoabuse</th>\n",
       "      <th>drugabuse</th>\n",
       "      <th>prison</th>\n",
       "      <th>patdivorce</th>\n",
       "      <th>phyabuse1</th>\n",
       "      <th>phyabuse2</th>\n",
       "      <th>verbalabuse</th>\n",
       "      <th>sexabuse1</th>\n",
       "      <th>sexabuse2</th>\n",
       "      <th>sexabuse3</th>\n",
       "      <th>foodinsecure</th>\n",
       "    </tr>\n",
       "  </thead>\n",
       "  <tbody>\n",
       "    <tr>\n",
       "      <th>depress</th>\n",
       "      <td>1.000000</td>\n",
       "      <td>0.054864</td>\n",
       "      <td>0.037640</td>\n",
       "      <td>0.046573</td>\n",
       "      <td>0.060552</td>\n",
       "      <td>0.015587</td>\n",
       "      <td>0.029731</td>\n",
       "      <td>0.018108</td>\n",
       "      <td>0.068593</td>\n",
       "      <td>0.057288</td>\n",
       "      <td>0.004550</td>\n",
       "      <td>0.026629</td>\n",
       "    </tr>\n",
       "    <tr>\n",
       "      <th>alcoabuse</th>\n",
       "      <td>0.054864</td>\n",
       "      <td>1.000000</td>\n",
       "      <td>0.048986</td>\n",
       "      <td>0.070871</td>\n",
       "      <td>-0.010529</td>\n",
       "      <td>0.040193</td>\n",
       "      <td>0.040725</td>\n",
       "      <td>0.047602</td>\n",
       "      <td>-0.004430</td>\n",
       "      <td>0.056109</td>\n",
       "      <td>0.046609</td>\n",
       "      <td>0.049310</td>\n",
       "    </tr>\n",
       "    <tr>\n",
       "      <th>drugabuse</th>\n",
       "      <td>0.037640</td>\n",
       "      <td>0.048986</td>\n",
       "      <td>1.000000</td>\n",
       "      <td>0.020453</td>\n",
       "      <td>0.017809</td>\n",
       "      <td>0.003304</td>\n",
       "      <td>0.015632</td>\n",
       "      <td>0.030325</td>\n",
       "      <td>-0.019482</td>\n",
       "      <td>0.032510</td>\n",
       "      <td>0.025366</td>\n",
       "      <td>0.026124</td>\n",
       "    </tr>\n",
       "    <tr>\n",
       "      <th>prison</th>\n",
       "      <td>0.046573</td>\n",
       "      <td>0.070871</td>\n",
       "      <td>0.020453</td>\n",
       "      <td>1.000000</td>\n",
       "      <td>0.065985</td>\n",
       "      <td>0.047579</td>\n",
       "      <td>-0.015416</td>\n",
       "      <td>-0.004377</td>\n",
       "      <td>0.030801</td>\n",
       "      <td>0.026814</td>\n",
       "      <td>-0.013160</td>\n",
       "      <td>0.025670</td>\n",
       "    </tr>\n",
       "    <tr>\n",
       "      <th>patdivorce</th>\n",
       "      <td>0.060552</td>\n",
       "      <td>-0.010529</td>\n",
       "      <td>0.017809</td>\n",
       "      <td>0.065985</td>\n",
       "      <td>1.000000</td>\n",
       "      <td>0.012407</td>\n",
       "      <td>0.052942</td>\n",
       "      <td>0.049760</td>\n",
       "      <td>0.029470</td>\n",
       "      <td>0.028646</td>\n",
       "      <td>-0.030883</td>\n",
       "      <td>0.099205</td>\n",
       "    </tr>\n",
       "    <tr>\n",
       "      <th>phyabuse1</th>\n",
       "      <td>0.015587</td>\n",
       "      <td>0.040193</td>\n",
       "      <td>0.003304</td>\n",
       "      <td>0.047579</td>\n",
       "      <td>0.012407</td>\n",
       "      <td>1.000000</td>\n",
       "      <td>0.066775</td>\n",
       "      <td>0.000556</td>\n",
       "      <td>0.060093</td>\n",
       "      <td>0.038164</td>\n",
       "      <td>0.006171</td>\n",
       "      <td>0.021352</td>\n",
       "    </tr>\n",
       "    <tr>\n",
       "      <th>phyabuse2</th>\n",
       "      <td>0.029731</td>\n",
       "      <td>0.040725</td>\n",
       "      <td>0.015632</td>\n",
       "      <td>-0.015416</td>\n",
       "      <td>0.052942</td>\n",
       "      <td>0.066775</td>\n",
       "      <td>1.000000</td>\n",
       "      <td>0.017937</td>\n",
       "      <td>0.039945</td>\n",
       "      <td>0.057321</td>\n",
       "      <td>0.055282</td>\n",
       "      <td>0.067925</td>\n",
       "    </tr>\n",
       "    <tr>\n",
       "      <th>verbalabuse</th>\n",
       "      <td>0.018108</td>\n",
       "      <td>0.047602</td>\n",
       "      <td>0.030325</td>\n",
       "      <td>-0.004377</td>\n",
       "      <td>0.049760</td>\n",
       "      <td>0.000556</td>\n",
       "      <td>0.017937</td>\n",
       "      <td>1.000000</td>\n",
       "      <td>0.078987</td>\n",
       "      <td>0.092195</td>\n",
       "      <td>0.068013</td>\n",
       "      <td>0.051824</td>\n",
       "    </tr>\n",
       "    <tr>\n",
       "      <th>sexabuse1</th>\n",
       "      <td>0.068593</td>\n",
       "      <td>-0.004430</td>\n",
       "      <td>-0.019482</td>\n",
       "      <td>0.030801</td>\n",
       "      <td>0.029470</td>\n",
       "      <td>0.060093</td>\n",
       "      <td>0.039945</td>\n",
       "      <td>0.078987</td>\n",
       "      <td>1.000000</td>\n",
       "      <td>0.118130</td>\n",
       "      <td>0.079691</td>\n",
       "      <td>0.068957</td>\n",
       "    </tr>\n",
       "    <tr>\n",
       "      <th>sexabuse2</th>\n",
       "      <td>0.057288</td>\n",
       "      <td>0.056109</td>\n",
       "      <td>0.032510</td>\n",
       "      <td>0.026814</td>\n",
       "      <td>0.028646</td>\n",
       "      <td>0.038164</td>\n",
       "      <td>0.057321</td>\n",
       "      <td>0.092195</td>\n",
       "      <td>0.118130</td>\n",
       "      <td>1.000000</td>\n",
       "      <td>0.180345</td>\n",
       "      <td>0.000917</td>\n",
       "    </tr>\n",
       "    <tr>\n",
       "      <th>sexabuse3</th>\n",
       "      <td>0.004550</td>\n",
       "      <td>0.046609</td>\n",
       "      <td>0.025366</td>\n",
       "      <td>-0.013160</td>\n",
       "      <td>-0.030883</td>\n",
       "      <td>0.006171</td>\n",
       "      <td>0.055282</td>\n",
       "      <td>0.068013</td>\n",
       "      <td>0.079691</td>\n",
       "      <td>0.180345</td>\n",
       "      <td>1.000000</td>\n",
       "      <td>0.038262</td>\n",
       "    </tr>\n",
       "    <tr>\n",
       "      <th>foodinsecure</th>\n",
       "      <td>0.026629</td>\n",
       "      <td>0.049310</td>\n",
       "      <td>0.026124</td>\n",
       "      <td>0.025670</td>\n",
       "      <td>0.099205</td>\n",
       "      <td>0.021352</td>\n",
       "      <td>0.067925</td>\n",
       "      <td>0.051824</td>\n",
       "      <td>0.068957</td>\n",
       "      <td>0.000917</td>\n",
       "      <td>0.038262</td>\n",
       "      <td>1.000000</td>\n",
       "    </tr>\n",
       "  </tbody>\n",
       "</table>\n",
       "</div>"
      ],
      "text/plain": [
       "               depress  alcoabuse  drugabuse    prison  patdivorce  phyabuse1  \\\n",
       "depress       1.000000   0.054864   0.037640  0.046573    0.060552   0.015587   \n",
       "alcoabuse     0.054864   1.000000   0.048986  0.070871   -0.010529   0.040193   \n",
       "drugabuse     0.037640   0.048986   1.000000  0.020453    0.017809   0.003304   \n",
       "prison        0.046573   0.070871   0.020453  1.000000    0.065985   0.047579   \n",
       "patdivorce    0.060552  -0.010529   0.017809  0.065985    1.000000   0.012407   \n",
       "phyabuse1     0.015587   0.040193   0.003304  0.047579    0.012407   1.000000   \n",
       "phyabuse2     0.029731   0.040725   0.015632 -0.015416    0.052942   0.066775   \n",
       "verbalabuse   0.018108   0.047602   0.030325 -0.004377    0.049760   0.000556   \n",
       "sexabuse1     0.068593  -0.004430  -0.019482  0.030801    0.029470   0.060093   \n",
       "sexabuse2     0.057288   0.056109   0.032510  0.026814    0.028646   0.038164   \n",
       "sexabuse3     0.004550   0.046609   0.025366 -0.013160   -0.030883   0.006171   \n",
       "foodinsecure  0.026629   0.049310   0.026124  0.025670    0.099205   0.021352   \n",
       "\n",
       "              phyabuse2  verbalabuse  sexabuse1  sexabuse2  sexabuse3  \\\n",
       "depress        0.029731     0.018108   0.068593   0.057288   0.004550   \n",
       "alcoabuse      0.040725     0.047602  -0.004430   0.056109   0.046609   \n",
       "drugabuse      0.015632     0.030325  -0.019482   0.032510   0.025366   \n",
       "prison        -0.015416    -0.004377   0.030801   0.026814  -0.013160   \n",
       "patdivorce     0.052942     0.049760   0.029470   0.028646  -0.030883   \n",
       "phyabuse1      0.066775     0.000556   0.060093   0.038164   0.006171   \n",
       "phyabuse2      1.000000     0.017937   0.039945   0.057321   0.055282   \n",
       "verbalabuse    0.017937     1.000000   0.078987   0.092195   0.068013   \n",
       "sexabuse1      0.039945     0.078987   1.000000   0.118130   0.079691   \n",
       "sexabuse2      0.057321     0.092195   0.118130   1.000000   0.180345   \n",
       "sexabuse3      0.055282     0.068013   0.079691   0.180345   1.000000   \n",
       "foodinsecure   0.067925     0.051824   0.068957   0.000917   0.038262   \n",
       "\n",
       "              foodinsecure  \n",
       "depress           0.026629  \n",
       "alcoabuse         0.049310  \n",
       "drugabuse         0.026124  \n",
       "prison            0.025670  \n",
       "patdivorce        0.099205  \n",
       "phyabuse1         0.021352  \n",
       "phyabuse2         0.067925  \n",
       "verbalabuse       0.051824  \n",
       "sexabuse1         0.068957  \n",
       "sexabuse2         0.000917  \n",
       "sexabuse3         0.038262  \n",
       "foodinsecure      1.000000  "
      ]
     },
     "execution_count": 10,
     "metadata": {},
     "output_type": "execute_result"
    }
   ],
   "source": [
    "bfs_data(res).get_corr_mat(1,1)"
   ]
  },
  {
   "cell_type": "code",
   "execution_count": 1,
   "metadata": {},
   "outputs": [
    {
     "ename": "NameError",
     "evalue": "name 'simulate_stack' is not defined",
     "output_type": "error",
     "traceback": [
      "\u001b[0;31m---------------------------------------------------------------------------\u001b[0m",
      "\u001b[0;31mNameError\u001b[0m                                 Traceback (most recent call last)",
      "\u001b[0;32m<ipython-input-1-4728edc4d2a4>\u001b[0m in \u001b[0;36m<module>\u001b[0;34m\u001b[0m\n\u001b[0;32m----> 1\u001b[0;31m \u001b[0mdefault_result\u001b[0m \u001b[0;34m=\u001b[0m \u001b[0msimulate_stack\u001b[0m\u001b[0;34m(\u001b[0m\u001b[0mmtd\u001b[0m \u001b[0;34m=\u001b[0m \u001b[0mdefault_mtd\u001b[0m\u001b[0;34m,\u001b[0m \u001b[0mdisplay\u001b[0m \u001b[0;34m=\u001b[0m \u001b[0;32mFalse\u001b[0m\u001b[0;34m)\u001b[0m\u001b[0;34m\u001b[0m\u001b[0;34m\u001b[0m\u001b[0m\n\u001b[0m",
      "\u001b[0;31mNameError\u001b[0m: name 'simulate_stack' is not defined"
     ]
    }
   ],
   "source": [
    "default_result = simulate_stack(mtd = default_mtd, display = False)"
   ]
  },
  {
   "cell_type": "code",
   "execution_count": null,
   "metadata": {},
   "outputs": [],
   "source": [
    "corr_result = simulate_stack(mtd = corr_rand_mtd, display = False)"
   ]
  },
  {
   "cell_type": "code",
   "execution_count": null,
   "metadata": {},
   "outputs": [],
   "source": []
  }
 ],
 "metadata": {
  "kernelspec": {
   "display_name": "Python 3",
   "language": "python",
   "name": "python3"
  },
  "language_info": {
   "codemirror_mode": {
    "name": "ipython",
    "version": 3
   },
   "file_extension": ".py",
   "mimetype": "text/x-python",
   "name": "python",
   "nbconvert_exporter": "python",
   "pygments_lexer": "ipython3",
   "version": "3.8.2"
  }
 },
 "nbformat": 4,
 "nbformat_minor": 4
}
