{
 "cells": [
  {
   "cell_type": "code",
   "execution_count": null,
   "metadata": {},
   "outputs": [],
   "source": [
    "# %load_ext autoreload\n",
    "# %autoreload 2"
   ]
  },
  {
   "cell_type": "code",
   "execution_count": 2,
   "metadata": {},
   "outputs": [],
   "source": [
    "from acemodel import AceModel, Children\n",
    "from acemodel import default_mtd, corr_rand_mtd\n",
    "from spew_data.spew import * "
   ]
  },
  {
   "cell_type": "code",
   "execution_count": 3,
   "metadata": {},
   "outputs": [],
   "source": [
    "import brfss\n",
    "from brfss import bfs_data"
   ]
  },
  {
   "cell_type": "code",
   "execution_count": 4,
   "metadata": {},
   "outputs": [],
   "source": [
    "# scbrfss = bfs_data('./brfss/SCBRFSS.csv')"
   ]
  },
  {
   "cell_type": "code",
   "execution_count": 5,
   "metadata": {},
   "outputs": [
    {
     "data": {
      "text/plain": [
       "90314"
      ]
     },
     "execution_count": 5,
     "metadata": {},
     "output_type": "execute_result"
    }
   ],
   "source": [
    "data_prex = './spew_data/2010_ver1_45079_synth_'\n",
    "cdl_data = cdn_data(data_prex)\n",
    "len(cdl_data)"
   ]
  },
  {
   "cell_type": "code",
   "execution_count": 6,
   "metadata": {},
   "outputs": [],
   "source": [
    "def simulate_stack(mtd, step_num = 1000, display = False):    \n",
    "\n",
    "    acemodel_list = [\n",
    "        AceModel(cdl_data[\n",
    "            (cdl_data[['_RACE_G1', '_INCOMG']] == [r,i]).all(axis = 1)\n",
    "        ], r, i, step_method = mtd)\n",
    "        for r in list(brfss.race_list.keys())[1:]\n",
    "        for i in list(brfss.income_list.keys())[1:]\n",
    "                    ]\n",
    "    \n",
    "    for i in range(step_num):\n",
    "        [acemodel.step() for acemodel in acemodel_list]\n",
    "\n",
    "    result = [res for res in [\n",
    "            acemodel.datacollector.model_vars['Output'][-1]\n",
    "            for acemodel in acemodel_list]\n",
    "                if len(res) > 0\n",
    "            ]\n",
    "    \n",
    "    result_df = pd.concat(result, axis = 0, \n",
    "                          ignore_index = True)\n",
    "    \n",
    "    if not display:\n",
    "        return result_df\n",
    "    \n",
    "    result_bfs = bfs_data(result_df)\n",
    "    \n",
    "    for r in list(brfss.race_list.keys())[1:]:\n",
    "        for i in list(brfss.income_list.keys())[1:]:\n",
    "            print('RACE: ' + str(brfss.race_list[r]) + ' INCOME: ' + str(brfss.income_list[i]))\n",
    "            display(result_bfs.get_corr_mat(r,i))\n",
    "    return result_df"
   ]
  },
  {
   "cell_type": "code",
   "execution_count": 7,
   "metadata": {},
   "outputs": [],
   "source": [
    "# scbrfss.get_corr_mat(1,1)"
   ]
  },
  {
   "cell_type": "code",
   "execution_count": 8,
   "metadata": {},
   "outputs": [],
   "source": [
    "# corr_model = AceModel(cdl_data[\n",
    "#     (cdl_data[['_RACE_G1', '_INCOMG']] == [1,1]).all(axis = 1)\n",
    "# ], 1, 1, step_method = corr_rand_mtd)"
   ]
  },
  {
   "cell_type": "code",
   "execution_count": 9,
   "metadata": {},
   "outputs": [
    {
     "name": "stdout",
     "output_type": "stream",
     "text": [
      "29.6 ms ± 352 µs per loop (mean ± std. dev. of 7 runs, 10 loops each)\n"
     ]
    }
   ],
   "source": [
    "for i in range(1000):\n",
    "    corr_model.step()\n",
    "    \n",
    "res = corr_model.datacollector.model_vars['Output'][-1]\n",
    "bfs_data(res).get_prop_mat(1,1)['pr']"
   ]
  },
  {
   "cell_type": "code",
   "execution_count": 12,
   "metadata": {},
   "outputs": [
    {
     "data": {
      "text/html": [
       "<div>\n",
       "<style scoped>\n",
       "    .dataframe tbody tr th:only-of-type {\n",
       "        vertical-align: middle;\n",
       "    }\n",
       "\n",
       "    .dataframe tbody tr th {\n",
       "        vertical-align: top;\n",
       "    }\n",
       "\n",
       "    .dataframe thead th {\n",
       "        text-align: right;\n",
       "    }\n",
       "</style>\n",
       "<table border=\"1\" class=\"dataframe\">\n",
       "  <thead>\n",
       "    <tr style=\"text-align: right;\">\n",
       "      <th></th>\n",
       "      <th>depress</th>\n",
       "      <th>alcoabuse</th>\n",
       "      <th>drugabuse</th>\n",
       "      <th>prison</th>\n",
       "      <th>patdivorce</th>\n",
       "      <th>phyabuse1</th>\n",
       "      <th>phyabuse2</th>\n",
       "      <th>verbalabuse</th>\n",
       "      <th>sexabuse1</th>\n",
       "      <th>sexabuse2</th>\n",
       "      <th>sexabuse3</th>\n",
       "      <th>foodinsecure</th>\n",
       "    </tr>\n",
       "  </thead>\n",
       "  <tbody>\n",
       "    <tr>\n",
       "      <th>depress</th>\n",
       "      <td>1.000000</td>\n",
       "      <td>0.010122</td>\n",
       "      <td>0.049598</td>\n",
       "      <td>-0.000883</td>\n",
       "      <td>0.053106</td>\n",
       "      <td>0.050111</td>\n",
       "      <td>0.011549</td>\n",
       "      <td>0.017128</td>\n",
       "      <td>0.014250</td>\n",
       "      <td>0.051108</td>\n",
       "      <td>-0.006749</td>\n",
       "      <td>0.032197</td>\n",
       "    </tr>\n",
       "    <tr>\n",
       "      <th>alcoabuse</th>\n",
       "      <td>0.010122</td>\n",
       "      <td>1.000000</td>\n",
       "      <td>0.026782</td>\n",
       "      <td>0.032613</td>\n",
       "      <td>0.053480</td>\n",
       "      <td>0.048974</td>\n",
       "      <td>0.059274</td>\n",
       "      <td>0.042515</td>\n",
       "      <td>0.028561</td>\n",
       "      <td>0.025361</td>\n",
       "      <td>0.015398</td>\n",
       "      <td>0.026815</td>\n",
       "    </tr>\n",
       "    <tr>\n",
       "      <th>drugabuse</th>\n",
       "      <td>0.049598</td>\n",
       "      <td>0.026782</td>\n",
       "      <td>1.000000</td>\n",
       "      <td>0.016165</td>\n",
       "      <td>-0.006042</td>\n",
       "      <td>0.023128</td>\n",
       "      <td>0.015945</td>\n",
       "      <td>0.024960</td>\n",
       "      <td>0.033851</td>\n",
       "      <td>0.025083</td>\n",
       "      <td>0.005760</td>\n",
       "      <td>0.013595</td>\n",
       "    </tr>\n",
       "    <tr>\n",
       "      <th>prison</th>\n",
       "      <td>-0.000883</td>\n",
       "      <td>0.032613</td>\n",
       "      <td>0.016165</td>\n",
       "      <td>1.000000</td>\n",
       "      <td>0.022753</td>\n",
       "      <td>-0.020575</td>\n",
       "      <td>-0.012685</td>\n",
       "      <td>-0.034721</td>\n",
       "      <td>-0.008762</td>\n",
       "      <td>0.031679</td>\n",
       "      <td>0.009474</td>\n",
       "      <td>-0.005194</td>\n",
       "    </tr>\n",
       "    <tr>\n",
       "      <th>patdivorce</th>\n",
       "      <td>0.053106</td>\n",
       "      <td>0.053480</td>\n",
       "      <td>-0.006042</td>\n",
       "      <td>0.022753</td>\n",
       "      <td>1.000000</td>\n",
       "      <td>0.032629</td>\n",
       "      <td>0.032287</td>\n",
       "      <td>0.005931</td>\n",
       "      <td>0.011336</td>\n",
       "      <td>0.033828</td>\n",
       "      <td>0.029735</td>\n",
       "      <td>0.054761</td>\n",
       "    </tr>\n",
       "    <tr>\n",
       "      <th>phyabuse1</th>\n",
       "      <td>0.050111</td>\n",
       "      <td>0.048974</td>\n",
       "      <td>0.023128</td>\n",
       "      <td>-0.020575</td>\n",
       "      <td>0.032629</td>\n",
       "      <td>1.000000</td>\n",
       "      <td>0.093472</td>\n",
       "      <td>0.049506</td>\n",
       "      <td>0.123091</td>\n",
       "      <td>0.076894</td>\n",
       "      <td>0.049631</td>\n",
       "      <td>0.031875</td>\n",
       "    </tr>\n",
       "    <tr>\n",
       "      <th>phyabuse2</th>\n",
       "      <td>0.011549</td>\n",
       "      <td>0.059274</td>\n",
       "      <td>0.015945</td>\n",
       "      <td>-0.012685</td>\n",
       "      <td>0.032287</td>\n",
       "      <td>0.093472</td>\n",
       "      <td>1.000000</td>\n",
       "      <td>0.018347</td>\n",
       "      <td>0.063479</td>\n",
       "      <td>0.078519</td>\n",
       "      <td>0.061377</td>\n",
       "      <td>0.059953</td>\n",
       "    </tr>\n",
       "    <tr>\n",
       "      <th>verbalabuse</th>\n",
       "      <td>0.017128</td>\n",
       "      <td>0.042515</td>\n",
       "      <td>0.024960</td>\n",
       "      <td>-0.034721</td>\n",
       "      <td>0.005931</td>\n",
       "      <td>0.049506</td>\n",
       "      <td>0.018347</td>\n",
       "      <td>1.000000</td>\n",
       "      <td>0.025276</td>\n",
       "      <td>0.080544</td>\n",
       "      <td>0.034233</td>\n",
       "      <td>0.037130</td>\n",
       "    </tr>\n",
       "    <tr>\n",
       "      <th>sexabuse1</th>\n",
       "      <td>0.014250</td>\n",
       "      <td>0.028561</td>\n",
       "      <td>0.033851</td>\n",
       "      <td>-0.008762</td>\n",
       "      <td>0.011336</td>\n",
       "      <td>0.123091</td>\n",
       "      <td>0.063479</td>\n",
       "      <td>0.025276</td>\n",
       "      <td>1.000000</td>\n",
       "      <td>0.102026</td>\n",
       "      <td>0.092701</td>\n",
       "      <td>0.007716</td>\n",
       "    </tr>\n",
       "    <tr>\n",
       "      <th>sexabuse2</th>\n",
       "      <td>0.051108</td>\n",
       "      <td>0.025361</td>\n",
       "      <td>0.025083</td>\n",
       "      <td>0.031679</td>\n",
       "      <td>0.033828</td>\n",
       "      <td>0.076894</td>\n",
       "      <td>0.078519</td>\n",
       "      <td>0.080544</td>\n",
       "      <td>0.102026</td>\n",
       "      <td>1.000000</td>\n",
       "      <td>0.057863</td>\n",
       "      <td>0.030279</td>\n",
       "    </tr>\n",
       "    <tr>\n",
       "      <th>sexabuse3</th>\n",
       "      <td>-0.006749</td>\n",
       "      <td>0.015398</td>\n",
       "      <td>0.005760</td>\n",
       "      <td>0.009474</td>\n",
       "      <td>0.029735</td>\n",
       "      <td>0.049631</td>\n",
       "      <td>0.061377</td>\n",
       "      <td>0.034233</td>\n",
       "      <td>0.092701</td>\n",
       "      <td>0.057863</td>\n",
       "      <td>1.000000</td>\n",
       "      <td>0.040699</td>\n",
       "    </tr>\n",
       "    <tr>\n",
       "      <th>foodinsecure</th>\n",
       "      <td>0.032197</td>\n",
       "      <td>0.026815</td>\n",
       "      <td>0.013595</td>\n",
       "      <td>-0.005194</td>\n",
       "      <td>0.054761</td>\n",
       "      <td>0.031875</td>\n",
       "      <td>0.059953</td>\n",
       "      <td>0.037130</td>\n",
       "      <td>0.007716</td>\n",
       "      <td>0.030279</td>\n",
       "      <td>0.040699</td>\n",
       "      <td>1.000000</td>\n",
       "    </tr>\n",
       "  </tbody>\n",
       "</table>\n",
       "</div>"
      ],
      "text/plain": [
       "               depress  alcoabuse  drugabuse    prison  patdivorce  phyabuse1  \\\n",
       "depress       1.000000   0.010122   0.049598 -0.000883    0.053106   0.050111   \n",
       "alcoabuse     0.010122   1.000000   0.026782  0.032613    0.053480   0.048974   \n",
       "drugabuse     0.049598   0.026782   1.000000  0.016165   -0.006042   0.023128   \n",
       "prison       -0.000883   0.032613   0.016165  1.000000    0.022753  -0.020575   \n",
       "patdivorce    0.053106   0.053480  -0.006042  0.022753    1.000000   0.032629   \n",
       "phyabuse1     0.050111   0.048974   0.023128 -0.020575    0.032629   1.000000   \n",
       "phyabuse2     0.011549   0.059274   0.015945 -0.012685    0.032287   0.093472   \n",
       "verbalabuse   0.017128   0.042515   0.024960 -0.034721    0.005931   0.049506   \n",
       "sexabuse1     0.014250   0.028561   0.033851 -0.008762    0.011336   0.123091   \n",
       "sexabuse2     0.051108   0.025361   0.025083  0.031679    0.033828   0.076894   \n",
       "sexabuse3    -0.006749   0.015398   0.005760  0.009474    0.029735   0.049631   \n",
       "foodinsecure  0.032197   0.026815   0.013595 -0.005194    0.054761   0.031875   \n",
       "\n",
       "              phyabuse2  verbalabuse  sexabuse1  sexabuse2  sexabuse3  \\\n",
       "depress        0.011549     0.017128   0.014250   0.051108  -0.006749   \n",
       "alcoabuse      0.059274     0.042515   0.028561   0.025361   0.015398   \n",
       "drugabuse      0.015945     0.024960   0.033851   0.025083   0.005760   \n",
       "prison        -0.012685    -0.034721  -0.008762   0.031679   0.009474   \n",
       "patdivorce     0.032287     0.005931   0.011336   0.033828   0.029735   \n",
       "phyabuse1      0.093472     0.049506   0.123091   0.076894   0.049631   \n",
       "phyabuse2      1.000000     0.018347   0.063479   0.078519   0.061377   \n",
       "verbalabuse    0.018347     1.000000   0.025276   0.080544   0.034233   \n",
       "sexabuse1      0.063479     0.025276   1.000000   0.102026   0.092701   \n",
       "sexabuse2      0.078519     0.080544   0.102026   1.000000   0.057863   \n",
       "sexabuse3      0.061377     0.034233   0.092701   0.057863   1.000000   \n",
       "foodinsecure   0.059953     0.037130   0.007716   0.030279   0.040699   \n",
       "\n",
       "              foodinsecure  \n",
       "depress           0.032197  \n",
       "alcoabuse         0.026815  \n",
       "drugabuse         0.013595  \n",
       "prison           -0.005194  \n",
       "patdivorce        0.054761  \n",
       "phyabuse1         0.031875  \n",
       "phyabuse2         0.059953  \n",
       "verbalabuse       0.037130  \n",
       "sexabuse1         0.007716  \n",
       "sexabuse2         0.030279  \n",
       "sexabuse3         0.040699  \n",
       "foodinsecure      1.000000  "
      ]
     },
     "execution_count": 12,
     "metadata": {},
     "output_type": "execute_result"
    }
   ],
   "source": [
    "bfs_data(res).get_corr_mat(1,1)"
   ]
  },
  {
   "cell_type": "code",
   "execution_count": 13,
   "metadata": {},
   "outputs": [],
   "source": [
    "default_result = simulate_stack(mtd = default_mtd, display = False)"
   ]
  },
  {
   "cell_type": "code",
   "execution_count": 14,
   "metadata": {},
   "outputs": [],
   "source": [
    "corr_result = simulate_stack(mtd = corr_rand_mtd, display = False)"
   ]
  },
  {
   "cell_type": "code",
   "execution_count": null,
   "metadata": {},
   "outputs": [],
   "source": []
  }
 ],
 "metadata": {
  "kernelspec": {
   "display_name": "Python 3",
   "language": "python",
   "name": "python3"
  },
  "language_info": {
   "codemirror_mode": {
    "name": "ipython",
    "version": 3
   },
   "file_extension": ".py",
   "mimetype": "text/x-python",
   "name": "python",
   "nbconvert_exporter": "python",
   "pygments_lexer": "ipython3",
   "version": "3.8.2"
  }
 },
 "nbformat": 4,
 "nbformat_minor": 4
}
