{
 "cells": [
  {
   "cell_type": "code",
   "execution_count": 1,
   "metadata": {},
   "outputs": [],
   "source": [
    "from acemodel import AceModel, Children, simulate_stack\n",
    "from modelmtds import default_mtd, corr_rand_mtd\n",
    "from modelmtds import bootstrap_mtd, bootstrap_mtd_nonan, bootstrap_mtd_ptnan\n",
    "from modelmtds import bootstrap_mtd_fill\n",
    "from spew import * "
   ]
  },
  {
   "cell_type": "code",
   "execution_count": 2,
   "metadata": {},
   "outputs": [],
   "source": [
    "import brfss\n",
    "from brfss import bfs_data"
   ]
  },
  {
   "cell_type": "code",
   "execution_count": 3,
   "metadata": {},
   "outputs": [
    {
     "data": {
      "text/plain": [
       "261744"
      ]
     },
     "execution_count": 3,
     "metadata": {},
     "output_type": "execute_result"
    }
   ],
   "source": [
    "data_prex = './spew_data/2010_ver1_45079_synth_'\n",
    "cdl_data = cdn_data(data_prex)\n",
    "len(cdl_data)"
   ]
  },
  {
   "cell_type": "code",
   "execution_count": 4,
   "metadata": {},
   "outputs": [],
   "source": [
    "# bst_model = AceModel(cdl_data[\n",
    "#     (cdl_data[['_RACE_G1', '_INCOMG']] == [1,1]).all(axis = 1)\n",
    "# ], 1, 1, step_method = bootstrap_mtd)"
   ]
  },
  {
   "cell_type": "code",
   "execution_count": 5,
   "metadata": {},
   "outputs": [],
   "source": [
    "# bst_model.step()"
   ]
  },
  {
   "cell_type": "code",
   "execution_count": 6,
   "metadata": {},
   "outputs": [],
   "source": [
    "# res = bst_model.datacollector.model_vars['Output'][-1]; res"
   ]
  },
  {
   "cell_type": "code",
   "execution_count": 7,
   "metadata": {},
   "outputs": [],
   "source": [
    "# bf_res = bfs_data(res)"
   ]
  },
  {
   "cell_type": "code",
   "execution_count": 8,
   "metadata": {},
   "outputs": [],
   "source": [
    "# ri_11_simu = bf_res.get_value(1,1,list(brfss.ace_list.values())); ri_11_simu"
   ]
  },
  {
   "cell_type": "code",
   "execution_count": 9,
   "metadata": {},
   "outputs": [
    {
     "data": {
      "text/html": [
       "<div>\n",
       "<style scoped>\n",
       "    .dataframe tbody tr th:only-of-type {\n",
       "        vertical-align: middle;\n",
       "    }\n",
       "\n",
       "    .dataframe tbody tr th {\n",
       "        vertical-align: top;\n",
       "    }\n",
       "\n",
       "    .dataframe thead th {\n",
       "        text-align: right;\n",
       "    }\n",
       "</style>\n",
       "<table border=\"1\" class=\"dataframe\">\n",
       "  <thead>\n",
       "    <tr style=\"text-align: right;\">\n",
       "      <th></th>\n",
       "      <th>id</th>\n",
       "      <th>age</th>\n",
       "      <th>_RACE_G1</th>\n",
       "      <th>_INCOMG</th>\n",
       "      <th>depress</th>\n",
       "      <th>alcoabuse</th>\n",
       "      <th>drugabuse</th>\n",
       "      <th>prison</th>\n",
       "      <th>patdivorce</th>\n",
       "      <th>phyabuse1</th>\n",
       "      <th>phyabuse2</th>\n",
       "      <th>verbalabuse</th>\n",
       "      <th>sexabuse1</th>\n",
       "      <th>sexabuse2</th>\n",
       "      <th>sexabuse3</th>\n",
       "      <th>foodinsecure</th>\n",
       "    </tr>\n",
       "  </thead>\n",
       "  <tbody>\n",
       "    <tr>\n",
       "      <th>0</th>\n",
       "      <td>165121903</td>\n",
       "      <td>85</td>\n",
       "      <td>1</td>\n",
       "      <td>1</td>\n",
       "      <td>NaN</td>\n",
       "      <td>NaN</td>\n",
       "      <td>NaN</td>\n",
       "      <td>NaN</td>\n",
       "      <td>NaN</td>\n",
       "      <td>NaN</td>\n",
       "      <td>NaN</td>\n",
       "      <td>NaN</td>\n",
       "      <td>NaN</td>\n",
       "      <td>NaN</td>\n",
       "      <td>NaN</td>\n",
       "      <td>0.0</td>\n",
       "    </tr>\n",
       "    <tr>\n",
       "      <th>1</th>\n",
       "      <td>165121904</td>\n",
       "      <td>85</td>\n",
       "      <td>1</td>\n",
       "      <td>1</td>\n",
       "      <td>0.0</td>\n",
       "      <td>0.0</td>\n",
       "      <td>0.0</td>\n",
       "      <td>0.0</td>\n",
       "      <td>0.0</td>\n",
       "      <td>0.0</td>\n",
       "      <td>0.0</td>\n",
       "      <td>0.0</td>\n",
       "      <td>0.0</td>\n",
       "      <td>0.0</td>\n",
       "      <td>0.0</td>\n",
       "      <td>NaN</td>\n",
       "    </tr>\n",
       "    <tr>\n",
       "      <th>2</th>\n",
       "      <td>165121905</td>\n",
       "      <td>85</td>\n",
       "      <td>1</td>\n",
       "      <td>1</td>\n",
       "      <td>NaN</td>\n",
       "      <td>NaN</td>\n",
       "      <td>NaN</td>\n",
       "      <td>NaN</td>\n",
       "      <td>NaN</td>\n",
       "      <td>NaN</td>\n",
       "      <td>NaN</td>\n",
       "      <td>NaN</td>\n",
       "      <td>NaN</td>\n",
       "      <td>NaN</td>\n",
       "      <td>NaN</td>\n",
       "      <td>0.0</td>\n",
       "    </tr>\n",
       "    <tr>\n",
       "      <th>3</th>\n",
       "      <td>165641324</td>\n",
       "      <td>50</td>\n",
       "      <td>1</td>\n",
       "      <td>1</td>\n",
       "      <td>NaN</td>\n",
       "      <td>0.0</td>\n",
       "      <td>0.0</td>\n",
       "      <td>1.0</td>\n",
       "      <td>0.0</td>\n",
       "      <td>1.0</td>\n",
       "      <td>1.0</td>\n",
       "      <td>1.0</td>\n",
       "      <td>0.0</td>\n",
       "      <td>NaN</td>\n",
       "      <td>0.0</td>\n",
       "      <td>NaN</td>\n",
       "    </tr>\n",
       "    <tr>\n",
       "      <th>4</th>\n",
       "      <td>165641323</td>\n",
       "      <td>29</td>\n",
       "      <td>1</td>\n",
       "      <td>1</td>\n",
       "      <td>0.0</td>\n",
       "      <td>0.0</td>\n",
       "      <td>0.0</td>\n",
       "      <td>0.0</td>\n",
       "      <td>0.0</td>\n",
       "      <td>0.0</td>\n",
       "      <td>1.0</td>\n",
       "      <td>0.0</td>\n",
       "      <td>1.0</td>\n",
       "      <td>NaN</td>\n",
       "      <td>1.0</td>\n",
       "      <td>1.0</td>\n",
       "    </tr>\n",
       "    <tr>\n",
       "      <th>...</th>\n",
       "      <td>...</td>\n",
       "      <td>...</td>\n",
       "      <td>...</td>\n",
       "      <td>...</td>\n",
       "      <td>...</td>\n",
       "      <td>...</td>\n",
       "      <td>...</td>\n",
       "      <td>...</td>\n",
       "      <td>...</td>\n",
       "      <td>...</td>\n",
       "      <td>...</td>\n",
       "      <td>...</td>\n",
       "      <td>...</td>\n",
       "      <td>...</td>\n",
       "      <td>...</td>\n",
       "      <td>...</td>\n",
       "    </tr>\n",
       "    <tr>\n",
       "      <th>261739</th>\n",
       "      <td>163646280</td>\n",
       "      <td>60</td>\n",
       "      <td>5</td>\n",
       "      <td>5</td>\n",
       "      <td>1.0</td>\n",
       "      <td>0.0</td>\n",
       "      <td>1.0</td>\n",
       "      <td>0.0</td>\n",
       "      <td>0.0</td>\n",
       "      <td>0.0</td>\n",
       "      <td>1.0</td>\n",
       "      <td>1.0</td>\n",
       "      <td>0.0</td>\n",
       "      <td>0.0</td>\n",
       "      <td>0.0</td>\n",
       "      <td>NaN</td>\n",
       "    </tr>\n",
       "    <tr>\n",
       "      <th>261740</th>\n",
       "      <td>163646283</td>\n",
       "      <td>60</td>\n",
       "      <td>5</td>\n",
       "      <td>5</td>\n",
       "      <td>NaN</td>\n",
       "      <td>NaN</td>\n",
       "      <td>NaN</td>\n",
       "      <td>NaN</td>\n",
       "      <td>NaN</td>\n",
       "      <td>NaN</td>\n",
       "      <td>NaN</td>\n",
       "      <td>NaN</td>\n",
       "      <td>NaN</td>\n",
       "      <td>NaN</td>\n",
       "      <td>NaN</td>\n",
       "      <td>NaN</td>\n",
       "    </tr>\n",
       "    <tr>\n",
       "      <th>261741</th>\n",
       "      <td>163646284</td>\n",
       "      <td>60</td>\n",
       "      <td>5</td>\n",
       "      <td>5</td>\n",
       "      <td>0.0</td>\n",
       "      <td>0.0</td>\n",
       "      <td>0.0</td>\n",
       "      <td>0.0</td>\n",
       "      <td>1.0</td>\n",
       "      <td>0.0</td>\n",
       "      <td>0.0</td>\n",
       "      <td>1.0</td>\n",
       "      <td>0.0</td>\n",
       "      <td>0.0</td>\n",
       "      <td>0.0</td>\n",
       "      <td>NaN</td>\n",
       "    </tr>\n",
       "    <tr>\n",
       "      <th>261742</th>\n",
       "      <td>163646286</td>\n",
       "      <td>60</td>\n",
       "      <td>5</td>\n",
       "      <td>5</td>\n",
       "      <td>NaN</td>\n",
       "      <td>NaN</td>\n",
       "      <td>NaN</td>\n",
       "      <td>NaN</td>\n",
       "      <td>NaN</td>\n",
       "      <td>NaN</td>\n",
       "      <td>NaN</td>\n",
       "      <td>NaN</td>\n",
       "      <td>NaN</td>\n",
       "      <td>NaN</td>\n",
       "      <td>NaN</td>\n",
       "      <td>0.0</td>\n",
       "    </tr>\n",
       "    <tr>\n",
       "      <th>261743</th>\n",
       "      <td>163646287</td>\n",
       "      <td>60</td>\n",
       "      <td>5</td>\n",
       "      <td>5</td>\n",
       "      <td>NaN</td>\n",
       "      <td>NaN</td>\n",
       "      <td>NaN</td>\n",
       "      <td>NaN</td>\n",
       "      <td>NaN</td>\n",
       "      <td>NaN</td>\n",
       "      <td>NaN</td>\n",
       "      <td>NaN</td>\n",
       "      <td>NaN</td>\n",
       "      <td>NaN</td>\n",
       "      <td>NaN</td>\n",
       "      <td>0.0</td>\n",
       "    </tr>\n",
       "  </tbody>\n",
       "</table>\n",
       "<p>261744 rows × 16 columns</p>\n",
       "</div>"
      ],
      "text/plain": [
       "               id  age  _RACE_G1  _INCOMG  depress  alcoabuse  drugabuse  \\\n",
       "0       165121903   85         1        1      NaN        NaN        NaN   \n",
       "1       165121904   85         1        1      0.0        0.0        0.0   \n",
       "2       165121905   85         1        1      NaN        NaN        NaN   \n",
       "3       165641324   50         1        1      NaN        0.0        0.0   \n",
       "4       165641323   29         1        1      0.0        0.0        0.0   \n",
       "...           ...  ...       ...      ...      ...        ...        ...   \n",
       "261739  163646280   60         5        5      1.0        0.0        1.0   \n",
       "261740  163646283   60         5        5      NaN        NaN        NaN   \n",
       "261741  163646284   60         5        5      0.0        0.0        0.0   \n",
       "261742  163646286   60         5        5      NaN        NaN        NaN   \n",
       "261743  163646287   60         5        5      NaN        NaN        NaN   \n",
       "\n",
       "        prison  patdivorce  phyabuse1  phyabuse2  verbalabuse  sexabuse1  \\\n",
       "0          NaN         NaN        NaN        NaN          NaN        NaN   \n",
       "1          0.0         0.0        0.0        0.0          0.0        0.0   \n",
       "2          NaN         NaN        NaN        NaN          NaN        NaN   \n",
       "3          1.0         0.0        1.0        1.0          1.0        0.0   \n",
       "4          0.0         0.0        0.0        1.0          0.0        1.0   \n",
       "...        ...         ...        ...        ...          ...        ...   \n",
       "261739     0.0         0.0        0.0        1.0          1.0        0.0   \n",
       "261740     NaN         NaN        NaN        NaN          NaN        NaN   \n",
       "261741     0.0         1.0        0.0        0.0          1.0        0.0   \n",
       "261742     NaN         NaN        NaN        NaN          NaN        NaN   \n",
       "261743     NaN         NaN        NaN        NaN          NaN        NaN   \n",
       "\n",
       "        sexabuse2  sexabuse3  foodinsecure  \n",
       "0             NaN        NaN           0.0  \n",
       "1             0.0        0.0           NaN  \n",
       "2             NaN        NaN           0.0  \n",
       "3             NaN        0.0           NaN  \n",
       "4             NaN        1.0           1.0  \n",
       "...           ...        ...           ...  \n",
       "261739        0.0        0.0           NaN  \n",
       "261740        NaN        NaN           NaN  \n",
       "261741        0.0        0.0           NaN  \n",
       "261742        NaN        NaN           0.0  \n",
       "261743        NaN        NaN           0.0  \n",
       "\n",
       "[261744 rows x 16 columns]"
      ]
     },
     "execution_count": 9,
     "metadata": {},
     "output_type": "execute_result"
    }
   ],
   "source": [
    "bst_result = simulate_stack(mtd = bootstrap_mtd, cdl_data = cdl_data, step_num = 1); bst_result"
   ]
  },
  {
   "cell_type": "code",
   "execution_count": 10,
   "metadata": {},
   "outputs": [],
   "source": [
    "bst_result_bf = bfs_data(bst_result)"
   ]
  },
  {
   "cell_type": "code",
   "execution_count": 11,
   "metadata": {},
   "outputs": [
    {
     "data": {
      "text/html": [
       "<div>\n",
       "<style scoped>\n",
       "    .dataframe tbody tr th:only-of-type {\n",
       "        vertical-align: middle;\n",
       "    }\n",
       "\n",
       "    .dataframe tbody tr th {\n",
       "        vertical-align: top;\n",
       "    }\n",
       "\n",
       "    .dataframe thead th {\n",
       "        text-align: right;\n",
       "    }\n",
       "</style>\n",
       "<table border=\"1\" class=\"dataframe\">\n",
       "  <thead>\n",
       "    <tr style=\"text-align: right;\">\n",
       "      <th></th>\n",
       "      <th>depress</th>\n",
       "      <th>alcoabuse</th>\n",
       "      <th>drugabuse</th>\n",
       "      <th>prison</th>\n",
       "      <th>patdivorce</th>\n",
       "      <th>phyabuse1</th>\n",
       "      <th>phyabuse2</th>\n",
       "      <th>verbalabuse</th>\n",
       "      <th>sexabuse1</th>\n",
       "      <th>sexabuse2</th>\n",
       "      <th>sexabuse3</th>\n",
       "      <th>foodinsecure</th>\n",
       "    </tr>\n",
       "  </thead>\n",
       "  <tbody>\n",
       "    <tr>\n",
       "      <th>depress</th>\n",
       "      <td>0.218060</td>\n",
       "      <td>0.136059</td>\n",
       "      <td>0.071409</td>\n",
       "      <td>0.048155</td>\n",
       "      <td>0.105022</td>\n",
       "      <td>0.110679</td>\n",
       "      <td>0.092985</td>\n",
       "      <td>0.152318</td>\n",
       "      <td>0.081599</td>\n",
       "      <td>0.070721</td>\n",
       "      <td>0.057278</td>\n",
       "      <td>0.068733</td>\n",
       "    </tr>\n",
       "    <tr>\n",
       "      <th>alcoabuse</th>\n",
       "      <td>0.136059</td>\n",
       "      <td>0.327677</td>\n",
       "      <td>0.074949</td>\n",
       "      <td>0.082508</td>\n",
       "      <td>0.160582</td>\n",
       "      <td>0.176843</td>\n",
       "      <td>0.132735</td>\n",
       "      <td>0.199345</td>\n",
       "      <td>0.110349</td>\n",
       "      <td>0.091613</td>\n",
       "      <td>0.067428</td>\n",
       "      <td>0.082253</td>\n",
       "    </tr>\n",
       "    <tr>\n",
       "      <th>drugabuse</th>\n",
       "      <td>0.071409</td>\n",
       "      <td>0.074949</td>\n",
       "      <td>0.110630</td>\n",
       "      <td>0.049823</td>\n",
       "      <td>0.063542</td>\n",
       "      <td>0.056237</td>\n",
       "      <td>0.045343</td>\n",
       "      <td>0.079167</td>\n",
       "      <td>0.043784</td>\n",
       "      <td>0.038675</td>\n",
       "      <td>0.033269</td>\n",
       "      <td>0.036854</td>\n",
       "    </tr>\n",
       "    <tr>\n",
       "      <th>prison</th>\n",
       "      <td>0.048155</td>\n",
       "      <td>0.082508</td>\n",
       "      <td>0.049823</td>\n",
       "      <td>0.107191</td>\n",
       "      <td>0.060635</td>\n",
       "      <td>0.066437</td>\n",
       "      <td>0.044390</td>\n",
       "      <td>0.070365</td>\n",
       "      <td>0.047475</td>\n",
       "      <td>0.036193</td>\n",
       "      <td>0.026964</td>\n",
       "      <td>0.045576</td>\n",
       "    </tr>\n",
       "    <tr>\n",
       "      <th>patdivorce</th>\n",
       "      <td>0.105022</td>\n",
       "      <td>0.160582</td>\n",
       "      <td>0.063542</td>\n",
       "      <td>0.060635</td>\n",
       "      <td>0.302199</td>\n",
       "      <td>0.136718</td>\n",
       "      <td>0.110117</td>\n",
       "      <td>0.163350</td>\n",
       "      <td>0.084423</td>\n",
       "      <td>0.063461</td>\n",
       "      <td>0.052002</td>\n",
       "      <td>0.097473</td>\n",
       "    </tr>\n",
       "    <tr>\n",
       "      <th>phyabuse1</th>\n",
       "      <td>0.110679</td>\n",
       "      <td>0.176843</td>\n",
       "      <td>0.056237</td>\n",
       "      <td>0.066437</td>\n",
       "      <td>0.136718</td>\n",
       "      <td>0.259680</td>\n",
       "      <td>0.134353</td>\n",
       "      <td>0.180360</td>\n",
       "      <td>0.084908</td>\n",
       "      <td>0.066854</td>\n",
       "      <td>0.056493</td>\n",
       "      <td>0.094699</td>\n",
       "    </tr>\n",
       "    <tr>\n",
       "      <th>phyabuse2</th>\n",
       "      <td>0.092985</td>\n",
       "      <td>0.132735</td>\n",
       "      <td>0.045343</td>\n",
       "      <td>0.044390</td>\n",
       "      <td>0.110117</td>\n",
       "      <td>0.134353</td>\n",
       "      <td>0.220027</td>\n",
       "      <td>0.189259</td>\n",
       "      <td>0.089069</td>\n",
       "      <td>0.067498</td>\n",
       "      <td>0.052036</td>\n",
       "      <td>0.084715</td>\n",
       "    </tr>\n",
       "    <tr>\n",
       "      <th>verbalabuse</th>\n",
       "      <td>0.152318</td>\n",
       "      <td>0.199345</td>\n",
       "      <td>0.079167</td>\n",
       "      <td>0.070365</td>\n",
       "      <td>0.163350</td>\n",
       "      <td>0.180360</td>\n",
       "      <td>0.189259</td>\n",
       "      <td>0.352126</td>\n",
       "      <td>0.128347</td>\n",
       "      <td>0.097222</td>\n",
       "      <td>0.069738</td>\n",
       "      <td>0.100951</td>\n",
       "    </tr>\n",
       "    <tr>\n",
       "      <th>sexabuse1</th>\n",
       "      <td>0.081599</td>\n",
       "      <td>0.110349</td>\n",
       "      <td>0.043784</td>\n",
       "      <td>0.047475</td>\n",
       "      <td>0.084423</td>\n",
       "      <td>0.084908</td>\n",
       "      <td>0.089069</td>\n",
       "      <td>0.128347</td>\n",
       "      <td>0.187970</td>\n",
       "      <td>0.120687</td>\n",
       "      <td>0.088223</td>\n",
       "      <td>0.064137</td>\n",
       "    </tr>\n",
       "    <tr>\n",
       "      <th>sexabuse2</th>\n",
       "      <td>0.070721</td>\n",
       "      <td>0.091613</td>\n",
       "      <td>0.038675</td>\n",
       "      <td>0.036193</td>\n",
       "      <td>0.063461</td>\n",
       "      <td>0.066854</td>\n",
       "      <td>0.067498</td>\n",
       "      <td>0.097222</td>\n",
       "      <td>0.120687</td>\n",
       "      <td>0.136526</td>\n",
       "      <td>0.078125</td>\n",
       "      <td>0.046974</td>\n",
       "    </tr>\n",
       "    <tr>\n",
       "      <th>sexabuse3</th>\n",
       "      <td>0.057278</td>\n",
       "      <td>0.067428</td>\n",
       "      <td>0.033269</td>\n",
       "      <td>0.026964</td>\n",
       "      <td>0.052002</td>\n",
       "      <td>0.056493</td>\n",
       "      <td>0.052036</td>\n",
       "      <td>0.069738</td>\n",
       "      <td>0.088223</td>\n",
       "      <td>0.078125</td>\n",
       "      <td>0.104715</td>\n",
       "      <td>0.042754</td>\n",
       "    </tr>\n",
       "    <tr>\n",
       "      <th>foodinsecure</th>\n",
       "      <td>0.068733</td>\n",
       "      <td>0.082253</td>\n",
       "      <td>0.036854</td>\n",
       "      <td>0.045576</td>\n",
       "      <td>0.097473</td>\n",
       "      <td>0.094699</td>\n",
       "      <td>0.084715</td>\n",
       "      <td>0.100951</td>\n",
       "      <td>0.064137</td>\n",
       "      <td>0.046974</td>\n",
       "      <td>0.042754</td>\n",
       "      <td>0.202358</td>\n",
       "    </tr>\n",
       "  </tbody>\n",
       "</table>\n",
       "</div>"
      ],
      "text/plain": [
       "               depress  alcoabuse  drugabuse    prison  patdivorce  phyabuse1  \\\n",
       "depress       0.218060   0.136059   0.071409  0.048155    0.105022   0.110679   \n",
       "alcoabuse     0.136059   0.327677   0.074949  0.082508    0.160582   0.176843   \n",
       "drugabuse     0.071409   0.074949   0.110630  0.049823    0.063542   0.056237   \n",
       "prison        0.048155   0.082508   0.049823  0.107191    0.060635   0.066437   \n",
       "patdivorce    0.105022   0.160582   0.063542  0.060635    0.302199   0.136718   \n",
       "phyabuse1     0.110679   0.176843   0.056237  0.066437    0.136718   0.259680   \n",
       "phyabuse2     0.092985   0.132735   0.045343  0.044390    0.110117   0.134353   \n",
       "verbalabuse   0.152318   0.199345   0.079167  0.070365    0.163350   0.180360   \n",
       "sexabuse1     0.081599   0.110349   0.043784  0.047475    0.084423   0.084908   \n",
       "sexabuse2     0.070721   0.091613   0.038675  0.036193    0.063461   0.066854   \n",
       "sexabuse3     0.057278   0.067428   0.033269  0.026964    0.052002   0.056493   \n",
       "foodinsecure  0.068733   0.082253   0.036854  0.045576    0.097473   0.094699   \n",
       "\n",
       "              phyabuse2  verbalabuse  sexabuse1  sexabuse2  sexabuse3  \\\n",
       "depress        0.092985     0.152318   0.081599   0.070721   0.057278   \n",
       "alcoabuse      0.132735     0.199345   0.110349   0.091613   0.067428   \n",
       "drugabuse      0.045343     0.079167   0.043784   0.038675   0.033269   \n",
       "prison         0.044390     0.070365   0.047475   0.036193   0.026964   \n",
       "patdivorce     0.110117     0.163350   0.084423   0.063461   0.052002   \n",
       "phyabuse1      0.134353     0.180360   0.084908   0.066854   0.056493   \n",
       "phyabuse2      0.220027     0.189259   0.089069   0.067498   0.052036   \n",
       "verbalabuse    0.189259     0.352126   0.128347   0.097222   0.069738   \n",
       "sexabuse1      0.089069     0.128347   0.187970   0.120687   0.088223   \n",
       "sexabuse2      0.067498     0.097222   0.120687   0.136526   0.078125   \n",
       "sexabuse3      0.052036     0.069738   0.088223   0.078125   0.104715   \n",
       "foodinsecure   0.084715     0.100951   0.064137   0.046974   0.042754   \n",
       "\n",
       "              foodinsecure  \n",
       "depress           0.068733  \n",
       "alcoabuse         0.082253  \n",
       "drugabuse         0.036854  \n",
       "prison            0.045576  \n",
       "patdivorce        0.097473  \n",
       "phyabuse1         0.094699  \n",
       "phyabuse2         0.084715  \n",
       "verbalabuse       0.100951  \n",
       "sexabuse1         0.064137  \n",
       "sexabuse2         0.046974  \n",
       "sexabuse3         0.042754  \n",
       "foodinsecure      0.202358  "
      ]
     },
     "execution_count": 11,
     "metadata": {},
     "output_type": "execute_result"
    }
   ],
   "source": [
    "bst_result_bf.get_prop_mat(1,1)['pr']"
   ]
  },
  {
   "cell_type": "code",
   "execution_count": 12,
   "metadata": {},
   "outputs": [
    {
     "data": {
      "text/html": [
       "<div>\n",
       "<style scoped>\n",
       "    .dataframe tbody tr th:only-of-type {\n",
       "        vertical-align: middle;\n",
       "    }\n",
       "\n",
       "    .dataframe tbody tr th {\n",
       "        vertical-align: top;\n",
       "    }\n",
       "\n",
       "    .dataframe thead th {\n",
       "        text-align: right;\n",
       "    }\n",
       "</style>\n",
       "<table border=\"1\" class=\"dataframe\">\n",
       "  <thead>\n",
       "    <tr style=\"text-align: right;\">\n",
       "      <th></th>\n",
       "      <th>depress</th>\n",
       "      <th>alcoabuse</th>\n",
       "      <th>drugabuse</th>\n",
       "      <th>prison</th>\n",
       "      <th>patdivorce</th>\n",
       "      <th>phyabuse1</th>\n",
       "      <th>phyabuse2</th>\n",
       "      <th>verbalabuse</th>\n",
       "      <th>sexabuse1</th>\n",
       "      <th>sexabuse2</th>\n",
       "      <th>sexabuse3</th>\n",
       "      <th>foodinsecure</th>\n",
       "    </tr>\n",
       "  </thead>\n",
       "  <tbody>\n",
       "    <tr>\n",
       "      <th>depress</th>\n",
       "      <td>1.000000</td>\n",
       "      <td>0.335194</td>\n",
       "      <td>0.364617</td>\n",
       "      <td>0.194194</td>\n",
       "      <td>0.209215</td>\n",
       "      <td>0.311768</td>\n",
       "      <td>0.276125</td>\n",
       "      <td>0.385453</td>\n",
       "      <td>0.253439</td>\n",
       "      <td>0.290015</td>\n",
       "      <td>0.274388</td>\n",
       "      <td>0.178554</td>\n",
       "    </tr>\n",
       "    <tr>\n",
       "      <th>alcoabuse</th>\n",
       "      <td>0.335194</td>\n",
       "      <td>1.000000</td>\n",
       "      <td>0.264343</td>\n",
       "      <td>0.326122</td>\n",
       "      <td>0.290159</td>\n",
       "      <td>0.451100</td>\n",
       "      <td>0.311102</td>\n",
       "      <td>0.372568</td>\n",
       "      <td>0.266250</td>\n",
       "      <td>0.290376</td>\n",
       "      <td>0.230103</td>\n",
       "      <td>0.172097</td>\n",
       "    </tr>\n",
       "    <tr>\n",
       "      <th>drugabuse</th>\n",
       "      <td>0.364617</td>\n",
       "      <td>0.264343</td>\n",
       "      <td>1.000000</td>\n",
       "      <td>0.400959</td>\n",
       "      <td>0.219571</td>\n",
       "      <td>0.203699</td>\n",
       "      <td>0.163858</td>\n",
       "      <td>0.271085</td>\n",
       "      <td>0.191096</td>\n",
       "      <td>0.224713</td>\n",
       "      <td>0.228230</td>\n",
       "      <td>0.145477</td>\n",
       "    </tr>\n",
       "    <tr>\n",
       "      <th>prison</th>\n",
       "      <td>0.194194</td>\n",
       "      <td>0.326122</td>\n",
       "      <td>0.400959</td>\n",
       "      <td>1.000000</td>\n",
       "      <td>0.214689</td>\n",
       "      <td>0.284952</td>\n",
       "      <td>0.162109</td>\n",
       "      <td>0.224974</td>\n",
       "      <td>0.226013</td>\n",
       "      <td>0.206378</td>\n",
       "      <td>0.169269</td>\n",
       "      <td>0.222239</td>\n",
       "    </tr>\n",
       "    <tr>\n",
       "      <th>patdivorce</th>\n",
       "      <td>0.209215</td>\n",
       "      <td>0.290159</td>\n",
       "      <td>0.219571</td>\n",
       "      <td>0.214689</td>\n",
       "      <td>1.000000</td>\n",
       "      <td>0.305498</td>\n",
       "      <td>0.234183</td>\n",
       "      <td>0.267639</td>\n",
       "      <td>0.164347</td>\n",
       "      <td>0.148580</td>\n",
       "      <td>0.153735</td>\n",
       "      <td>0.232162</td>\n",
       "    </tr>\n",
       "    <tr>\n",
       "      <th>phyabuse1</th>\n",
       "      <td>0.311768</td>\n",
       "      <td>0.451100</td>\n",
       "      <td>0.203699</td>\n",
       "      <td>0.284952</td>\n",
       "      <td>0.305498</td>\n",
       "      <td>1.000000</td>\n",
       "      <td>0.435659</td>\n",
       "      <td>0.436880</td>\n",
       "      <td>0.220367</td>\n",
       "      <td>0.219562</td>\n",
       "      <td>0.219513</td>\n",
       "      <td>0.258186</td>\n",
       "    </tr>\n",
       "    <tr>\n",
       "      <th>phyabuse2</th>\n",
       "      <td>0.276125</td>\n",
       "      <td>0.311102</td>\n",
       "      <td>0.163858</td>\n",
       "      <td>0.162109</td>\n",
       "      <td>0.234183</td>\n",
       "      <td>0.435659</td>\n",
       "      <td>1.000000</td>\n",
       "      <td>0.561693</td>\n",
       "      <td>0.305057</td>\n",
       "      <td>0.278775</td>\n",
       "      <td>0.241524</td>\n",
       "      <td>0.286386</td>\n",
       "    </tr>\n",
       "    <tr>\n",
       "      <th>verbalabuse</th>\n",
       "      <td>0.385453</td>\n",
       "      <td>0.372568</td>\n",
       "      <td>0.271085</td>\n",
       "      <td>0.224974</td>\n",
       "      <td>0.267639</td>\n",
       "      <td>0.436880</td>\n",
       "      <td>0.561693</td>\n",
       "      <td>1.000000</td>\n",
       "      <td>0.339048</td>\n",
       "      <td>0.305926</td>\n",
       "      <td>0.233374</td>\n",
       "      <td>0.180335</td>\n",
       "    </tr>\n",
       "    <tr>\n",
       "      <th>sexabuse1</th>\n",
       "      <td>0.253439</td>\n",
       "      <td>0.266250</td>\n",
       "      <td>0.191096</td>\n",
       "      <td>0.226013</td>\n",
       "      <td>0.164347</td>\n",
       "      <td>0.220367</td>\n",
       "      <td>0.305057</td>\n",
       "      <td>0.339048</td>\n",
       "      <td>1.000000</td>\n",
       "      <td>0.730983</td>\n",
       "      <td>0.589731</td>\n",
       "      <td>0.170363</td>\n",
       "    </tr>\n",
       "    <tr>\n",
       "      <th>sexabuse2</th>\n",
       "      <td>0.290015</td>\n",
       "      <td>0.290376</td>\n",
       "      <td>0.224713</td>\n",
       "      <td>0.206378</td>\n",
       "      <td>0.148580</td>\n",
       "      <td>0.219562</td>\n",
       "      <td>0.278775</td>\n",
       "      <td>0.305926</td>\n",
       "      <td>0.730983</td>\n",
       "      <td>1.000000</td>\n",
       "      <td>0.629015</td>\n",
       "      <td>0.177893</td>\n",
       "    </tr>\n",
       "    <tr>\n",
       "      <th>sexabuse3</th>\n",
       "      <td>0.274388</td>\n",
       "      <td>0.230103</td>\n",
       "      <td>0.228230</td>\n",
       "      <td>0.169269</td>\n",
       "      <td>0.153735</td>\n",
       "      <td>0.219513</td>\n",
       "      <td>0.241524</td>\n",
       "      <td>0.233374</td>\n",
       "      <td>0.589731</td>\n",
       "      <td>0.629015</td>\n",
       "      <td>1.000000</td>\n",
       "      <td>0.200185</td>\n",
       "    </tr>\n",
       "    <tr>\n",
       "      <th>foodinsecure</th>\n",
       "      <td>0.178554</td>\n",
       "      <td>0.172097</td>\n",
       "      <td>0.145477</td>\n",
       "      <td>0.222239</td>\n",
       "      <td>0.232162</td>\n",
       "      <td>0.258186</td>\n",
       "      <td>0.286386</td>\n",
       "      <td>0.180335</td>\n",
       "      <td>0.170363</td>\n",
       "      <td>0.177893</td>\n",
       "      <td>0.200185</td>\n",
       "      <td>1.000000</td>\n",
       "    </tr>\n",
       "  </tbody>\n",
       "</table>\n",
       "</div>"
      ],
      "text/plain": [
       "               depress  alcoabuse  drugabuse    prison  patdivorce  phyabuse1  \\\n",
       "depress       1.000000   0.335194   0.364617  0.194194    0.209215   0.311768   \n",
       "alcoabuse     0.335194   1.000000   0.264343  0.326122    0.290159   0.451100   \n",
       "drugabuse     0.364617   0.264343   1.000000  0.400959    0.219571   0.203699   \n",
       "prison        0.194194   0.326122   0.400959  1.000000    0.214689   0.284952   \n",
       "patdivorce    0.209215   0.290159   0.219571  0.214689    1.000000   0.305498   \n",
       "phyabuse1     0.311768   0.451100   0.203699  0.284952    0.305498   1.000000   \n",
       "phyabuse2     0.276125   0.311102   0.163858  0.162109    0.234183   0.435659   \n",
       "verbalabuse   0.385453   0.372568   0.271085  0.224974    0.267639   0.436880   \n",
       "sexabuse1     0.253439   0.266250   0.191096  0.226013    0.164347   0.220367   \n",
       "sexabuse2     0.290015   0.290376   0.224713  0.206378    0.148580   0.219562   \n",
       "sexabuse3     0.274388   0.230103   0.228230  0.169269    0.153735   0.219513   \n",
       "foodinsecure  0.178554   0.172097   0.145477  0.222239    0.232162   0.258186   \n",
       "\n",
       "              phyabuse2  verbalabuse  sexabuse1  sexabuse2  sexabuse3  \\\n",
       "depress        0.276125     0.385453   0.253439   0.290015   0.274388   \n",
       "alcoabuse      0.311102     0.372568   0.266250   0.290376   0.230103   \n",
       "drugabuse      0.163858     0.271085   0.191096   0.224713   0.228230   \n",
       "prison         0.162109     0.224974   0.226013   0.206378   0.169269   \n",
       "patdivorce     0.234183     0.267639   0.164347   0.148580   0.153735   \n",
       "phyabuse1      0.435659     0.436880   0.220367   0.219562   0.219513   \n",
       "phyabuse2      1.000000     0.561693   0.305057   0.278775   0.241524   \n",
       "verbalabuse    0.561693     1.000000   0.339048   0.305926   0.233374   \n",
       "sexabuse1      0.305057     0.339048   1.000000   0.730983   0.589731   \n",
       "sexabuse2      0.278775     0.305926   0.730983   1.000000   0.629015   \n",
       "sexabuse3      0.241524     0.233374   0.589731   0.629015   1.000000   \n",
       "foodinsecure   0.286386     0.180335   0.170363   0.177893   0.200185   \n",
       "\n",
       "              foodinsecure  \n",
       "depress           0.178554  \n",
       "alcoabuse         0.172097  \n",
       "drugabuse         0.145477  \n",
       "prison            0.222239  \n",
       "patdivorce        0.232162  \n",
       "phyabuse1         0.258186  \n",
       "phyabuse2         0.286386  \n",
       "verbalabuse       0.180335  \n",
       "sexabuse1         0.170363  \n",
       "sexabuse2         0.177893  \n",
       "sexabuse3         0.200185  \n",
       "foodinsecure      1.000000  "
      ]
     },
     "execution_count": 12,
     "metadata": {},
     "output_type": "execute_result"
    }
   ],
   "source": [
    "bst_result_bf.get_corr_mat(1,1)"
   ]
  },
  {
   "cell_type": "code",
   "execution_count": null,
   "metadata": {},
   "outputs": [],
   "source": []
  },
  {
   "cell_type": "code",
   "execution_count": 13,
   "metadata": {},
   "outputs": [
    {
     "data": {
      "text/html": [
       "<div>\n",
       "<style scoped>\n",
       "    .dataframe tbody tr th:only-of-type {\n",
       "        vertical-align: middle;\n",
       "    }\n",
       "\n",
       "    .dataframe tbody tr th {\n",
       "        vertical-align: top;\n",
       "    }\n",
       "\n",
       "    .dataframe thead th {\n",
       "        text-align: right;\n",
       "    }\n",
       "</style>\n",
       "<table border=\"1\" class=\"dataframe\">\n",
       "  <thead>\n",
       "    <tr style=\"text-align: right;\">\n",
       "      <th></th>\n",
       "      <th>id</th>\n",
       "      <th>age</th>\n",
       "      <th>_RACE_G1</th>\n",
       "      <th>_INCOMG</th>\n",
       "      <th>depress</th>\n",
       "      <th>alcoabuse</th>\n",
       "      <th>drugabuse</th>\n",
       "      <th>prison</th>\n",
       "      <th>patdivorce</th>\n",
       "      <th>phyabuse1</th>\n",
       "      <th>phyabuse2</th>\n",
       "      <th>verbalabuse</th>\n",
       "      <th>sexabuse1</th>\n",
       "      <th>sexabuse2</th>\n",
       "      <th>sexabuse3</th>\n",
       "      <th>foodinsecure</th>\n",
       "    </tr>\n",
       "  </thead>\n",
       "  <tbody>\n",
       "    <tr>\n",
       "      <th>0</th>\n",
       "      <td>165121903</td>\n",
       "      <td>85</td>\n",
       "      <td>1</td>\n",
       "      <td>1</td>\n",
       "      <td>0.0</td>\n",
       "      <td>1.0</td>\n",
       "      <td>0.0</td>\n",
       "      <td>0.0</td>\n",
       "      <td>0.0</td>\n",
       "      <td>1.0</td>\n",
       "      <td>0.0</td>\n",
       "      <td>0.0</td>\n",
       "      <td>0.0</td>\n",
       "      <td>0.0</td>\n",
       "      <td>0.0</td>\n",
       "      <td>0.0</td>\n",
       "    </tr>\n",
       "    <tr>\n",
       "      <th>1</th>\n",
       "      <td>165121904</td>\n",
       "      <td>85</td>\n",
       "      <td>1</td>\n",
       "      <td>1</td>\n",
       "      <td>0.0</td>\n",
       "      <td>0.0</td>\n",
       "      <td>0.0</td>\n",
       "      <td>0.0</td>\n",
       "      <td>0.0</td>\n",
       "      <td>0.0</td>\n",
       "      <td>0.0</td>\n",
       "      <td>0.0</td>\n",
       "      <td>0.0</td>\n",
       "      <td>0.0</td>\n",
       "      <td>0.0</td>\n",
       "      <td>0.0</td>\n",
       "    </tr>\n",
       "    <tr>\n",
       "      <th>2</th>\n",
       "      <td>165121905</td>\n",
       "      <td>85</td>\n",
       "      <td>1</td>\n",
       "      <td>1</td>\n",
       "      <td>0.0</td>\n",
       "      <td>0.0</td>\n",
       "      <td>0.0</td>\n",
       "      <td>0.0</td>\n",
       "      <td>0.0</td>\n",
       "      <td>0.0</td>\n",
       "      <td>0.0</td>\n",
       "      <td>0.0</td>\n",
       "      <td>0.0</td>\n",
       "      <td>0.0</td>\n",
       "      <td>0.0</td>\n",
       "      <td>1.0</td>\n",
       "    </tr>\n",
       "    <tr>\n",
       "      <th>3</th>\n",
       "      <td>165641324</td>\n",
       "      <td>50</td>\n",
       "      <td>1</td>\n",
       "      <td>1</td>\n",
       "      <td>1.0</td>\n",
       "      <td>1.0</td>\n",
       "      <td>0.0</td>\n",
       "      <td>0.0</td>\n",
       "      <td>1.0</td>\n",
       "      <td>0.0</td>\n",
       "      <td>0.0</td>\n",
       "      <td>0.0</td>\n",
       "      <td>0.0</td>\n",
       "      <td>0.0</td>\n",
       "      <td>0.0</td>\n",
       "      <td>0.0</td>\n",
       "    </tr>\n",
       "    <tr>\n",
       "      <th>4</th>\n",
       "      <td>165641323</td>\n",
       "      <td>29</td>\n",
       "      <td>1</td>\n",
       "      <td>1</td>\n",
       "      <td>0.0</td>\n",
       "      <td>0.0</td>\n",
       "      <td>0.0</td>\n",
       "      <td>0.0</td>\n",
       "      <td>0.0</td>\n",
       "      <td>1.0</td>\n",
       "      <td>1.0</td>\n",
       "      <td>1.0</td>\n",
       "      <td>0.0</td>\n",
       "      <td>0.0</td>\n",
       "      <td>0.0</td>\n",
       "      <td>1.0</td>\n",
       "    </tr>\n",
       "    <tr>\n",
       "      <th>...</th>\n",
       "      <td>...</td>\n",
       "      <td>...</td>\n",
       "      <td>...</td>\n",
       "      <td>...</td>\n",
       "      <td>...</td>\n",
       "      <td>...</td>\n",
       "      <td>...</td>\n",
       "      <td>...</td>\n",
       "      <td>...</td>\n",
       "      <td>...</td>\n",
       "      <td>...</td>\n",
       "      <td>...</td>\n",
       "      <td>...</td>\n",
       "      <td>...</td>\n",
       "      <td>...</td>\n",
       "      <td>...</td>\n",
       "    </tr>\n",
       "    <tr>\n",
       "      <th>261739</th>\n",
       "      <td>163646280</td>\n",
       "      <td>60</td>\n",
       "      <td>5</td>\n",
       "      <td>5</td>\n",
       "      <td>0.0</td>\n",
       "      <td>0.0</td>\n",
       "      <td>0.0</td>\n",
       "      <td>0.0</td>\n",
       "      <td>0.0</td>\n",
       "      <td>0.0</td>\n",
       "      <td>0.0</td>\n",
       "      <td>0.0</td>\n",
       "      <td>0.0</td>\n",
       "      <td>0.0</td>\n",
       "      <td>0.0</td>\n",
       "      <td>0.0</td>\n",
       "    </tr>\n",
       "    <tr>\n",
       "      <th>261740</th>\n",
       "      <td>163646283</td>\n",
       "      <td>60</td>\n",
       "      <td>5</td>\n",
       "      <td>5</td>\n",
       "      <td>0.0</td>\n",
       "      <td>1.0</td>\n",
       "      <td>0.0</td>\n",
       "      <td>0.0</td>\n",
       "      <td>0.0</td>\n",
       "      <td>0.0</td>\n",
       "      <td>0.0</td>\n",
       "      <td>0.0</td>\n",
       "      <td>0.0</td>\n",
       "      <td>0.0</td>\n",
       "      <td>0.0</td>\n",
       "      <td>0.0</td>\n",
       "    </tr>\n",
       "    <tr>\n",
       "      <th>261741</th>\n",
