{
 "cells": [
  {
   "cell_type": "code",
   "execution_count": 1,
   "metadata": {},
   "outputs": [],
   "source": [
    "from acemodel import AceModel, Children, simulate_stack\n",
    "from modelmtds import default_mtd, corr_rand_mtd, bootstrap_mtd\n",
    "from spew import * "
   ]
  },
  {
   "cell_type": "code",
   "execution_count": 2,
   "metadata": {},
   "outputs": [],
   "source": [
    "import brfss\n",
    "from brfss import bfs_data"
   ]
  },
  {
   "cell_type": "code",
   "execution_count": 3,
   "metadata": {},
   "outputs": [
    {
     "data": {
      "text/plain": [
       "dict_keys([0, 1, 2, 3, 4, 5])"
      ]
     },
     "execution_count": 3,
     "metadata": {},
     "output_type": "execute_result"
    }
   ],
   "source": [
    "brfss.race_list.keys()"
   ]
  },
  {
   "cell_type": "code",
   "execution_count": 4,
   "metadata": {},
   "outputs": [
    {
     "data": {
      "text/plain": [
       "dict_keys([0, 1, 2, 3, 4, 5, 9])"
      ]
     },
     "execution_count": 4,
     "metadata": {},
     "output_type": "execute_result"
    }
   ],
   "source": [
    "brfss.income_list.keys()"
   ]
  },
  {
   "cell_type": "markdown",
   "metadata": {},
   "source": [
    "sample numbers in SCBRFSS (group by race and income)"
   ]
  },
  {
   "cell_type": "code",
   "execution_count": 5,
   "metadata": {},
   "outputs": [],
   "source": [
    "scbrfss = bfs_data('./brfss/SCBRFSS.csv')"
   ]
  },
  {
   "cell_type": "code",
   "execution_count": 6,
   "metadata": {},
   "outputs": [
    {
     "data": {
      "text/plain": [
       "261744"
      ]
     },
     "execution_count": 6,
     "metadata": {},
     "output_type": "execute_result"
    }
   ],
   "source": [
    "data_prex = './spew_data/2010_ver1_45079_synth_'\n",
    "cdl_data = cdn_data(data_prex)\n",
    "len(cdl_data)"
   ]
  },
  {
   "cell_type": "code",
   "execution_count": 7,
   "metadata": {},
   "outputs": [
    {
     "name": "stdout",
     "output_type": "stream",
     "text": [
      "race: White \t income: < 15000\n",
      "\t sample size in brfss: 2035\n",
      "\t sample size in spew:  10814\n",
      "race: White \t income: 15000 - 24999\n",
      "\t sample size in brfss: 3861\n",
      "\t sample size in spew:  9175\n",
      "race: White \t income: 25000 - 34999\n",
      "\t sample size in brfss: 2670\n",
      "\t sample size in spew:  9736\n",
      "race: White \t income: 35000 - 49999\n",
      "\t sample size in brfss: 3928\n",
      "\t sample size in spew:  15712\n",
      "race: White \t income: 50000 +\n",
      "\t sample size in brfss: 12229\n",
      "\t sample size in spew:  88683\n",
      "race: White \t income: Don't Know\n",
      "\t sample size in brfss: 5115\n",
      "\t sample size in spew:  0\n",
      "race: Black \t income: < 15000\n",
      "\t sample size in brfss: 2197\n",
      "\t sample size in spew:  16813\n",
      "race: Black \t income: 15000 - 24999\n",
      "\t sample size in brfss: 2682\n",
      "\t sample size in spew:  15106\n",
      "race: Black \t income: 25000 - 34999\n",
      "\t sample size in brfss: 1282\n",
      "\t sample size in spew:  14602\n",
      "race: Black \t income: 35000 - 49999\n",
      "\t sample size in brfss: 1268\n",
      "\t sample size in spew:  18389\n",
      "race: Black \t income: 50000 +\n",
      "\t sample size in brfss: 1978\n",
      "\t sample size in spew:  48836\n",
      "race: Black \t income: Don't Know\n",
      "\t sample size in brfss: 2036\n",
      "\t sample size in spew:  0\n",
      "race: Hispanic \t income: < 15000\n",
      "\t sample size in brfss: 118\n",
      "\t sample size in spew:  0\n",
      "race: Hispanic \t income: 15000 - 24999\n",
      "\t sample size in brfss: 236\n",
      "\t sample size in spew:  0\n",
      "race: Hispanic \t income: 25000 - 34999\n",
      "\t sample size in brfss: 122\n",
      "\t sample size in spew:  0\n",
      "race: Hispanic \t income: 35000 - 49999\n",
      "\t sample size in brfss: 102\n",
      "\t sample size in spew:  0\n",
      "race: Hispanic \t income: 50000 +\n",
      "\t sample size in brfss: 236\n",
      "\t sample size in spew:  0\n",
      "race: Hispanic \t income: Don't Know\n",
      "\t sample size in brfss: 192\n",
      "\t sample size in spew:  0\n",
      "race: Other \t income: < 15000\n",
      "\t sample size in brfss: 101\n",
      "\t sample size in spew:  858\n",
      "race: Other \t income: 15000 - 24999\n",
      "\t sample size in brfss: 154\n",
      "\t sample size in spew:  1643\n",
      "race: Other \t income: 25000 - 34999\n",
      "\t sample size in brfss: 86\n",
      "\t sample size in spew:  1397\n",
      "race: Other \t income: 35000 - 49999\n",
      "\t sample size in brfss: 88\n",
      "\t sample size in spew:  1560\n",
      "race: Other \t income: 50000 +\n",
      "\t sample size in brfss: 243\n",
      "\t sample size in spew:  5435\n",
      "race: Other \t income: Don't Know\n",
      "\t sample size in brfss: 181\n",
      "\t sample size in spew:  0\n",
      "race: Multi \t income: < 15000\n",
      "\t sample size in brfss: 109\n",
      "\t sample size in spew:  330\n",
      "race: Multi \t income: 15000 - 24999\n",
      "\t sample size in brfss: 159\n",
      "\t sample size in spew:  387\n",
      "race: Multi \t income: 25000 - 34999\n",
      "\t sample size in brfss: 78\n",
      "\t sample size in spew:  301\n",
      "race: Multi \t income: 35000 - 49999\n",
      "\t sample size in brfss: 120\n",
      "\t sample size in spew:  580\n",
      "race: Multi \t income: 50000 +\n",
      "\t sample size in brfss: 199\n",
      "\t sample size in spew:  1387\n",
      "race: Multi \t income: Don't Know\n",
      "\t sample size in brfss: 131\n",
      "\t sample size in spew:  0\n"
     ]
    }
   ],
   "source": [
    "spew_brfss = bfs_data(cdl_data)\n",
    "for r in list(brfss.race_list.keys())[1:]:\n",
    "    for i in list(brfss.income_list.keys())[1:]:\n",
    "        print('race: {} \\t income: {}'.format(brfss.race_list[r], brfss.income_list[i]))\n",
    "        print('\\t sample size in brfss: {}'.format(len(scbrfss.get_value(r,i))))\n",
    "        print('\\t sample size in spew:  {}'.format(len(spew_brfss.get_value(r,i))))"
   ]
  },
  {
   "cell_type": "code",
   "execution_count": 8,
   "metadata": {},
   "outputs": [],
   "source": [
    "ri_11_array = scbrfss.get_value(1,1,list(brfss.ace_list.values()))[list(brfss.ace_list.values())].to_numpy()"
   ]
  },
  {
   "cell_type": "code",
   "execution_count": 9,
   "metadata": {},
   "outputs": [
    {
     "data": {
      "text/plain": [
       "array([ True,  True,  True,  True,  True,  True,  True,  True,  True,\n",
       "        True])"
      ]
     },
     "execution_count": 9,
     "metadata": {},
     "output_type": "execute_result"
    }
   ],
   "source": [
    "from sklearn.utils import resample\n",
    "tmp = resample(ri_11_array, n_samples = 10)\n",
    "(tmp != np.NaN).all(axis = 1)"
   ]
  },
  {
   "cell_type": "code",
   "execution_count": null,
   "metadata": {},
   "outputs": [],
   "source": []
  },
  {
   "cell_type": "code",
   "execution_count": 10,
   "metadata": {},
   "outputs": [
    {
     "data": {
      "text/plain": [
       "2"
      ]
     },
     "execution_count": 10,
     "metadata": {},
     "output_type": "execute_result"
    }
   ],
   "source": [
    "tmp = np.array([True, False, True])\n",
    "sum(tmp)"
   ]
  },
  {
   "cell_type": "code",
   "execution_count": 11,
   "metadata": {},
   "outputs": [
    {
     "data": {
      "text/plain": [
       "(2035, 12)"
      ]
     },
     "execution_count": 11,
     "metadata": {},
     "output_type": "execute_result"
    }
   ],
   "source": [
    "ri_11_array.shape"
   ]
  },
  {
   "cell_type": "code",
   "execution_count": 12,
   "metadata": {},
   "outputs": [],
   "source": [
    "tmp = pd.read_csv('./brfss/SCBRFSS.csv', low_memory = False)"
   ]
  },
  {
   "cell_type": "code",
   "execution_count": 13,
   "metadata": {},
   "outputs": [
    {
     "data": {
      "text/plain": [
       "418"
      ]
     },
     "execution_count": 13,
     "metadata": {},
     "output_type": "execute_result"
    }
   ],
   "source": [
    "tmp[(tmp[['_RACE_G1', '_INCOMG']] == [1,1]).all(axis = 1)][list(brfss.ace_list.values())].notna().all(axis = 1).sum()"
   ]
  },
  {
   "cell_type": "code",
   "execution_count": null,
   "metadata": {},
   "outputs": [],
   "source": []
  },
  {
   "cell_type": "code",
   "execution_count": 14,
   "metadata": {},
   "outputs": [],
   "source": [
    "stack_model = AceModel(cdl_data[\n",
    "    (cdl_data[['_RACE_G1', '_INCOMG']] == [1,1]).all(axis = 1)\n",
    "], 1, 1, step_method = default_mtd)"
   ]
  },
  {
   "cell_type": "code",
   "execution_count": 15,
   "metadata": {},
   "outputs": [
    {
     "data": {
      "text/html": [
       "<div>\n",
       "<style scoped>\n",
       "    .dataframe tbody tr th:only-of-type {\n",
       "        vertical-align: middle;\n",
       "    }\n",
       "\n",
       "    .dataframe tbody tr th {\n",
       "        vertical-align: top;\n",
       "    }\n",
       "\n",
       "    .dataframe thead th {\n",
       "        text-align: right;\n",
       "    }\n",
       "</style>\n",
       "<table border=\"1\" class=\"dataframe\">\n",
       "  <thead>\n",
       "    <tr style=\"text-align: right;\">\n",
       "      <th></th>\n",
       "      <th>id</th>\n",
       "      <th>age</th>\n",
       "      <th>_RACE_G1</th>\n",
       "      <th>_INCOMG</th>\n",
       "      <th>depress</th>\n",
       "      <th>alcoabuse</th>\n",
       "      <th>drugabuse</th>\n",
       "      <th>prison</th>\n",
       "      <th>patdivorce</th>\n",
       "      <th>phyabuse1</th>\n",
       "      <th>phyabuse2</th>\n",
       "      <th>verbalabuse</th>\n",
       "      <th>sexabuse1</th>\n",
       "      <th>sexabuse2</th>\n",
       "      <th>sexabuse3</th>\n",
       "      <th>foodinsecure</th>\n",
       "    </tr>\n",
       "  </thead>\n",
       "  <tbody>\n",
       "    <tr>\n",
       "      <th>0</th>\n",
       "      <td>165121903</td>\n",
       "      <td>85</td>\n",
       "      <td>1</td>\n",
       "      <td>1</td>\n",
       "      <td>0</td>\n",
       "      <td>0</td>\n",
       "      <td>0</td>\n",
       "      <td>1</td>\n",
       "      <td>0</td>\n",
       "      <td>0</td>\n",
       "      <td>1</td>\n",
       "      <td>1</td>\n",
       "      <td>0</td>\n",
       "      <td>0</td>\n",
       "      <td>0</td>\n",
       "      <td>1</td>\n",
       "    </tr>\n",
       "    <tr>\n",
       "      <th>1</th>\n",
       "      <td>165121904</td>\n",
       "      <td>85</td>\n",
       "      <td>1</td>\n",
       "      <td>1</td>\n",
       "      <td>0</td>\n",
       "      <td>1</td>\n",
       "      <td>0</td>\n",
       "      <td>1</td>\n",
       "      <td>0</td>\n",
       "      <td>0</td>\n",
       "      <td>0</td>\n",
       "      <td>1</td>\n",
       "      <td>0</td>\n",
       "      <td>0</td>\n",
       "      <td>0</td>\n",
       "      <td>0</td>\n",
       "    </tr>\n",
       "    <tr>\n",
       "      <th>2</th>\n",
       "      <td>165121905</td>\n",
       "      <td>85</td>\n",
       "      <td>1</td>\n",
       "      <td>1</td>\n",
       "      <td>0</td>\n",
       "      <td>0</td>\n",
       "      <td>0</td>\n",
       "      <td>0</td>\n",
       "      <td>0</td>\n",
       "      <td>0</td>\n",
       "      <td>0</td>\n",
       "      <td>1</td>\n",
       "      <td>0</td>\n",
       "      <td>0</td>\n",
       "      <td>0</td>\n",
       "      <td>0</td>\n",
       "    </tr>\n",
       "    <tr>\n",
       "      <th>3</th>\n",
       "      <td>165641324</td>\n",
       "      <td>50</td>\n",
       "      <td>1</td>\n",
       "      <td>1</td>\n",
       "      <td>0</td>\n",
       "      <td>0</td>\n",
       "      <td>0</td>\n",
       "      <td>1</td>\n",
       "      <td>0</td>\n",
       "      <td>0</td>\n",
       "      <td>0</td>\n",
       "      <td>0</td>\n",
       "      <td>0</td>\n",
       "      <td>0</td>\n",
       "      <td>0</td>\n",
       "      <td>1</td>\n",
       "    </tr>\n",
       "    <tr>\n",
       "      <th>4</th>\n",
       "      <td>165641323</td>\n",
       "      <td>29</td>\n",
       "      <td>1</td>\n",
       "      <td>1</td>\n",
       "      <td>0</td>\n",
       "      <td>0</td>\n",
       "      <td>0</td>\n",
       "      <td>0</td>\n",
       "      <td>0</td>\n",
       "      <td>0</td>\n",
       "      <td>0</td>\n",
       "      <td>1</td>\n",
       "      <td>0</td>\n",
       "      <td>0</td>\n",
       "      <td>0</td>\n",
       "      <td>0</td>\n",
       "    </tr>\n",
       "    <tr>\n",
       "      <th>...</th>\n",
       "      <td>...</td>\n",
       "      <td>...</td>\n",
       "      <td>...</td>\n",
       "      <td>...</td>\n",
       "      <td>...</td>\n",
       "      <td>...</td>\n",
       "      <td>...</td>\n",
       "      <td>...</td>\n",
       "      <td>...</td>\n",
       "      <td>...</td>\n",
       "      <td>...</td>\n",
       "      <td>...</td>\n",
       "      <td>...</td>\n",
       "      <td>...</td>\n",
       "      <td>...</td>\n",
       "      <td>...</td>\n",
       "    </tr>\n",
       "    <tr>\n",
       "      <th>10809</th>\n",
       "      <td>162963346</td>\n",
       "      <td>72</td>\n",
       "      <td>1</td>\n",
       "      <td>1</td>\n",
       "      <td>1</td>\n",
       "      <td>1</td>\n",
       "      <td>0</td>\n",
       "      <td>0</td>\n",
       "      <td>0</td>\n",
       "      <td>0</td>\n",
       "      <td>0</td>\n",
       "      <td>1</td>\n",
       "      <td>0</td>\n",
       "      <td>0</td>\n",
       "      <td>0</td>\n",
       "      <td>0</td>\n",
       "    </tr>\n",
       "    <tr>\n",
       "      <th>10810</th>\n",
       "      <td>162963347</td>\n",
       "      <td>72</td>\n",
       "      <td>1</td>\n",
       "      <td>1</td>\n",
       "      <td>0</td>\n",
       "      <td>0</td>\n",
       "      <td>0</td>\n",
       "      <td>0</td>\n",
       "      <td>1</td>\n",
       "      <td>1</td>\n",
       "      <td>0</td>\n",
       "      <td>1</td>\n",
       "      <td>0</td>\n",
       "      <td>0</td>\n",
       "      <td>0</td>\n",
       "      <td>0</td>\n",
       "    </tr>\n",
       "    <tr>\n",
       "      <th>10811</th>\n",
       "      <td>162963348</td>\n",
       "      <td>72</td>\n",
       "      <td>1</td>\n",
       "      <td>1</td>\n",
       "      <td>0</td>\n",
       "      <td>0</td>\n",
       "      <td>0</td>\n",
       "      <td>0</td>\n",
       "      <td>0</td>\n",
       "      <td>0</td>\n",
       "      <td>1</td>\n",
       "      <td>1</td>\n",
       "      <td>1</td>\n",
       "      <td>0</td>\n",
       "      <td>0</td>\n",
       "      <td>1</td>\n",
       "    </tr>\n",
       "    <tr>\n",
       "      <th>10812</th>\n",
       "      <td>162963349</td>\n",
       "      <td>72</td>\n",
       "      <td>1</td>\n",
       "      <td>1</td>\n",
       "      <td>0</td>\n",
       "      <td>1</td>\n",
       "      <td>0</td>\n",
       "      <td>1</td>\n",
       "      <td>0</td>\n",
       "      <td>0</td>\n",
       "      <td>0</td>\n",
       "      <td>0</td>\n",
       "      <td>1</td>\n",
       "      <td>0</td>\n",
       "      <td>0</td>\n",
       "      <td>1</td>\n",
       "    </tr>\n",
       "    <tr>\n",
       "      <th>10813</th>\n",
       "      <td>162963350</td>\n",
       "      <td>72</td>\n",
       "      <td>1</td>\n",
       "      <td>1</td>\n",
       "      <td>1</td>\n",
       "      <td>1</td>\n",
       "      <td>1</td>\n",
       "      <td>0</td>\n",
       "      <td>0</td>\n",
       "      <td>1</td>\n",
       "      <td>0</td>\n",
       "      <td>0</td>\n",
       "      <td>0</td>\n",
       "      <td>0</td>\n",
       "      <td>0</td>\n",
       "      <td>1</td>\n",
       "    </tr>\n",
       "  </tbody>\n",
       "</table>\n",
       "<p>10814 rows × 16 columns</p>\n",
       "</div>"
      ],
      "text/plain": [
       "              id  age  _RACE_G1  _INCOMG  depress  alcoabuse  drugabuse  \\\n",
       "0      165121903   85         1        1        0          0          0   \n",
       "1      165121904   85         1        1        0          1          0   \n",
       "2      165121905   85         1        1        0          0          0   \n",
       "3      165641324   50         1        1        0          0          0   \n",
       "4      165641323   29         1        1        0          0          0   \n",
       "...          ...  ...       ...      ...      ...        ...        ...   \n",
       "10809  162963346   72         1        1        1          1          0   \n",
       "10810  162963347   72         1        1        0          0          0   \n",
       "10811  162963348   72         1        1        0          0          0   \n",
       "10812  162963349   72         1        1        0          1          0   \n",
       "10813  162963350   72         1        1        1          1          1   \n",
       "\n",
       "       prison  patdivorce  phyabuse1  phyabuse2  verbalabuse  sexabuse1  \\\n",
       "0           1           0          0          1            1          0   \n",
       "1           1           0          0          0            1          0   \n",
       "2           0           0          0          0            1          0   \n",
       "3           1           0          0          0            0          0   \n",
       "4           0           0          0          0            1          0   \n",
       "...       ...         ...        ...        ...          ...        ...   \n",
       "10809       0           0          0          0            1          0   \n",
       "10810       0           1          1          0            1          0   \n",
       "10811       0           0          0          1            1          1   \n",
       "10812       1           0          0          0            0          1   \n",
       "10813       0           0          1          0            0          0   \n",
       "\n",
       "       sexabuse2  sexabuse3  foodinsecure  \n",
       "0              0          0             1  \n",
       "1              0          0             0  \n",
       "2              0          0             0  \n",
       "3              0          0             1  \n",
       "4              0          0             0  \n",
       "...          ...        ...           ...  \n",
       "10809          0          0             0  \n",
       "10810          0          0             0  \n",
       "10811          0          0             1  \n",
       "10812          0          0             1  \n",
       "10813          0          0             1  \n",
       "\n",
       "[10814 rows x 16 columns]"
      ]
     },
     "execution_count": 15,
     "metadata": {},
     "output_type": "execute_result"
    }
   ],
   "source": [
    "for i in range(100):\n",
    "    stack_model.step()\n",
    "    \n",
    "res = stack_model.datacollector.model_vars['Output'][-1]; res"
   ]
  },
  {
   "cell_type": "code",
   "execution_count": 16,
   "metadata": {},
   "outputs": [
    {
     "data": {
      "text/html": [
       "<div>\n",
       "<style scoped>\n",
       "    .dataframe tbody tr th:only-of-type {\n",
       "        vertical-align: middle;\n",
       "    }\n",
       "\n",
       "    .dataframe tbody tr th {\n",
       "        vertical-align: top;\n",
       "    }\n",
       "\n",
       "    .dataframe thead th {\n",
       "        text-align: right;\n",
       "    }\n",
       "</style>\n",
       "<table border=\"1\" class=\"dataframe\">\n",
       "  <thead>\n",
       "    <tr style=\"text-align: right;\">\n",
       "      <th></th>\n",
       "      <th>depress</th>\n",
       "      <th>alcoabuse</th>\n",
       "      <th>drugabuse</th>\n",
       "      <th>prison</th>\n",
       "      <th>patdivorce</th>\n",
       "      <th>phyabuse1</th>\n",
       "      <th>phyabuse2</th>\n",
       "      <th>verbalabuse</th>\n",
       "      <th>sexabuse1</th>\n",
       "      <th>sexabuse2</th>\n",
       "      <th>sexabuse3</th>\n",
       "      <th>foodinsecure</th>\n",
       "    </tr>\n",
       "  </thead>\n",
       "  <tbody>\n",
       "    <tr>\n",
       "      <th>depress</th>\n",
       "      <td>0.210653</td>\n",
       "      <td>0.071481</td>\n",
       "      <td>0.022101</td>\n",
       "      <td>0.023026</td>\n",
       "      <td>0.061124</td>\n",
       "      <td>0.055946</td>\n",
       "      <td>0.047531</td>\n",
       "      <td>0.070464</td>\n",
       "      <td>0.037267</td>\n",
       "      <td>0.028944</td>\n",
       "      <td>0.020252</td>\n",
       "      <td>0.043832</td>\n",
       "    </tr>\n",
       "    <tr>\n",
       "      <th>alcoabuse</th>\n",
       "      <td>0.071481</td>\n",
       "      <td>0.329943</td>\n",
       "      <td>0.038654</td>\n",
       "      <td>0.033475</td>\n",
       "      <td>0.099223</td>\n",
       "      <td>0.085352</td>\n",
       "      <td>0.073701</td>\n",
       "      <td>0.116053</td>\n",
       "      <td>0.061772</td>\n",
       "      <td>0.046421</td>\n",
       "      <td>0.035510</td>\n",
       "      <td>0.069170</td>\n",
       "    </tr>\n",
       "    <tr>\n",
       "      <th>drugabuse</th>\n",
       "      <td>0.022101</td>\n",
       "      <td>0.038654</td>\n",
       "      <td>0.109025</td>\n",
       "      <td>0.012669</td>\n",
       "      <td>0.032458</td>\n",
       "      <td>0.027372</td>\n",
       "      <td>0.024875</td>\n",
       "      <td>0.038469</td>\n",
       "      <td>0.018032</td>\n",
       "      <td>0.015073</td>\n",
       "      <td>0.012484</td>\n",
       "      <td>0.021639</td>\n",
       "    </tr>\n",
       "    <tr>\n",
       "      <th>prison</th>\n",
       "      <td>0.023026</td>\n",
       "      <td>0.033475</td>\n",
       "      <td>0.012669</td>\n",
       "      <td>0.106529</td>\n",
       "      <td>0.032365</td>\n",
       "      <td>0.027279</td>\n",
       "      <td>0.021176</td>\n",
       "      <td>0.038561</td>\n",
       "      <td>0.022933</td>\n",
       "      <td>0.012761</td>\n",
       "      <td>0.013131</td>\n",
       "      <td>0.023118</td>\n",
       "    </tr>\n",
       "    <tr>\n",
       "      <th>patdivorce</th>\n",
       "      <td>0.061124</td>\n",
       "      <td>0.099223</td>\n",
       "      <td>0.032458</td>\n",
       "      <td>0.032365</td>\n",
       "      <td>0.294526</td>\n",
       "      <td>0.079342</td>\n",
       "      <td>0.061124</td>\n",
       "      <td>0.101905</td>\n",
       "      <td>0.055854</td>\n",
       "      <td>0.041890</td>\n",
       "      <td>0.030239</td>\n",
       "      <td>0.062142</td>\n",
       "    </tr>\n",
       "    <tr>\n",
       "      <th>phyabuse1</th>\n",
       "      <td>0.055946</td>\n",
       "      <td>0.085352</td>\n",
       "      <td>0.027372</td>\n",
       "      <td>0.027279</td>\n",
       "      <td>0.079342</td>\n",
       "      <td>0.262807</td>\n",
       "      <td>0.055299</td>\n",
       "      <td>0.094230</td>\n",
       "      <td>0.046236</td>\n",
       "      <td>0.036712</td>\n",
       "      <td>0.027002</td>\n",
       "      <td>0.059460</td>\n",
       "    </tr>\n",
       "    <tr>\n",
       "      <th>phyabuse2</th>\n",
       "      <td>0.047531</td>\n",
       "      <td>0.073701</td>\n",
       "      <td>0.024875</td>\n",
       "      <td>0.021176</td>\n",
       "      <td>0.061124</td>\n",
       "      <td>0.055299</td>\n",
       "      <td>0.215831</td>\n",
       "      <td>0.074625</td>\n",
       "      <td>0.040226</td>\n",
       "      <td>0.028297</td>\n",
       "      <td>0.023765</td>\n",
       "      <td>0.045589</td>\n",
       "    </tr>\n",
       "    <tr>\n",
       "      <th>verbalabuse</th>\n",
       "      <td>0.070464</td>\n",
       "      <td>0.116053</td>\n",
       "      <td>0.038469</td>\n",
       "      <td>0.038561</td>\n",
       "      <td>0.101905</td>\n",
       "      <td>0.094230</td>\n",
       "      <td>0.074625</td>\n",
       "      <td>0.346403</td>\n",
       "      <td>0.066858</td>\n",
       "      <td>0.044479</td>\n",
       "      <td>0.038931</td>\n",
       "      <td>0.071944</td>\n",
       "    </tr>\n",
       "    <tr>\n",
       "      <th>sexabuse1</th>\n",
       "      <td>0.037267</td>\n",
       "      <td>0.061772</td>\n",
       "      <td>0.018032</td>\n",
       "      <td>0.022933</td>\n",
       "      <td>0.055854</td>\n",
       "      <td>0.046236</td>\n",
       "      <td>0.040226</td>\n",
       "      <td>0.066858</td>\n",
       "      <td>0.185963</td>\n",
       "      <td>0.025430</td>\n",
       "      <td>0.021176</td>\n",
       "      <td>0.038839</td>\n",
       "    </tr>\n",
       "    <tr>\n",
       "      <th>sexabuse2</th>\n",
       "      <td>0.028944</td>\n",
       "      <td>0.046421</td>\n",
       "      <td>0.015073</td>\n",
       "      <td>0.012761</td>\n",
       "      <td>0.041890</td>\n",
       "      <td>0.036712</td>\n",
       "      <td>0.028297</td>\n",
       "      <td>0.044479</td>\n",
       "      <td>0.025430</td>\n",
       "      <td>0.134733</td>\n",
       "      <td>0.013316</td>\n",
       "      <td>0.027557</td>\n",
       "    </tr>\n",
       "    <tr>\n",
       "      <th>sexabuse3</th>\n",
       "      <td>0.020252</td>\n",
       "      <td>0.035510</td>\n",
       "      <td>0.012484</td>\n",
       "      <td>0.013131</td>\n",
       "      <td>0.030239</td>\n",
       "      <td>0.027002</td>\n",
       "      <td>0.023765</td>\n",
       "      <td>0.038931</td>\n",
       "      <td>0.021176</td>\n",
       "      <td>0.013316</td>\n",
       "      <td>0.104957</td>\n",
       "      <td>0.019974</td>\n",
       "    </tr>\n",
       "    <tr>\n",
       "      <th>foodinsecure</th>\n",
       "      <td>0.043832</td>\n",
       "      <td>0.069170</td>\n",
       "      <td>0.021639</td>\n",
       "      <td>0.023118</td>\n",
       "      <td>0.062142</td>\n",
       "      <td>0.059460</td>\n",
       "      <td>0.045589</td>\n",
       "      <td>0.071944</td>\n",
       "      <td>0.038839</td>\n",
       "      <td>0.027557</td>\n",
       "      <td>0.019974</td>\n",
       "      <td>0.209451</td>\n",
       "    </tr>\n",
       "  </tbody>\n",
       "</table>\n",
       "</div>"
      ],
      "text/plain": [
       "               depress  alcoabuse  drugabuse    prison  patdivorce  phyabuse1  \\\n",
       "depress       0.210653   0.071481   0.022101  0.023026    0.061124   0.055946   \n",
       "alcoabuse     0.071481   0.329943   0.038654  0.033475    0.099223   0.085352   \n",
       "drugabuse     0.022101   0.038654   0.109025  0.012669    0.032458   0.027372   \n",
       "prison        0.023026   0.033475   0.012669  0.106529    0.032365   0.027279   \n",
       "patdivorce    0.061124   0.099223   0.032458  0.032365    0.294526   0.079342   \n",
       "phyabuse1     0.055946   0.085352   0.027372  0.027279    0.079342   0.262807   \n",
       "phyabuse2     0.047531   0.073701   0.024875  0.021176    0.061124   0.055299   \n",
       "verbalabuse   0.070464   0.116053   0.038469  0.038561    0.101905   0.094230   \n",
       "sexabuse1     0.037267   0.061772   0.018032  0.022933    0.055854   0.046236   \n",
       "sexabuse2     0.028944   0.046421   0.015073  0.012761    0.041890   0.036712   \n",
       "sexabuse3     0.020252   0.035510   0.012484  0.013131    0.030239   0.027002   \n",
       "foodinsecure  0.043832   0.069170   0.021639  0.023118    0.062142   0.059460   \n",
       "\n",
       "              phyabuse2  verbalabuse  sexabuse1  sexabuse2  sexabuse3  \\\n",
       "depress        0.047531     0.070464   0.037267   0.028944   0.020252   \n",
       "alcoabuse      0.073701     0.116053   0.061772   0.046421   0.035510   \n",
       "drugabuse      0.024875     0.038469   0.018032   0.015073   0.012484   \n",
       "prison         0.021176     0.038561   0.022933   0.012761   0.013131   \n",
       "patdivorce     0.061124     0.101905   0.055854   0.041890   0.030239   \n",
       "phyabuse1      0.055299     0.094230   0.046236   0.036712   0.027002   \n",
       "phyabuse2      0.215831     0.074625   0.040226   0.028297   0.023765   \n",
       "verbalabuse    0.074625     0.346403   0.066858   0.044479   0.038931   \n",
       "sexabuse1      0.040226     0.066858   0.185963   0.025430   0.021176   \n",
       "sexabuse2      0.028297     0.044479   0.025430   0.134733   0.013316   \n",
       "sexabuse3      0.023765     0.038931   0.021176   0.013316   0.104957   \n",
       "foodinsecure   0.045589     0.071944   0.038839   0.027557   0.019974   \n",
       "\n",
       "              foodinsecure  \n",
       "depress           0.043832  \n",
       "alcoabuse         0.069170  \n",
       "drugabuse         0.021639  \n",
       "prison            0.023118  \n",
       "patdivorce        0.062142  \n",
       "phyabuse1         0.059460  \n",
       "phyabuse2         0.045589  \n",
       "verbalabuse       0.071944  \n",
       "sexabuse1         0.038839  \n",
       "sexabuse2         0.027557  \n",
       "sexabuse3         0.019974  \n",
       "foodinsecure      0.209451  "
      ]
     },
     "execution_count": 16,
     "metadata": {},
     "output_type": "execute_result"
    }
   ],
   "source": [
    "bfs_data(res).get_prop_mat(1,1)['pr']"
   ]
  },
  {
   "cell_type": "code",
   "execution_count": 17,
   "metadata": {},
   "outputs": [
    {
     "data": {
      "text/html": [
       "<div>\n",
       "<style scoped>\n",
       "    .dataframe tbody tr th:only-of-type {\n",
       "        vertical-align: middle;\n",
       "    }\n",
       "\n",
       "    .dataframe tbody tr th {\n",
       "        vertical-align: top;\n",
       "    }\n",
       "\n",
       "    .dataframe thead th {\n",
       "        text-align: right;\n",
       "    }\n",
       "</style>\n",
       "<table border=\"1\" class=\"dataframe\">\n",
       "  <thead>\n",
       "    <tr style=\"text-align: right;\">\n",
       "      <th></th>\n",
       "      <th>depress</th>\n",
       "      <th>alcoabuse</th>\n",
       "      <th>drugabuse</th>\n",
       "      <th>prison</th>\n",
       "      <th>patdivorce</th>\n",
       "      <th>phyabuse1</th>\n",
       "      <th>phyabuse2</th>\n",
       "      <th>verbalabuse</th>\n",
       "      <th>sexabuse1</th>\n",
       "      <th>sexabuse2</th>\n",
       "      <th>sexabuse3</th>\n",
       "      <th>foodinsecure</th>\n",
       "    </tr>\n",
       "  </thead>\n",
       "  <tbody>\n",
       "    <tr>\n",
       "      <th>depress</th>\n",
       "      <td>1.000000</td>\n",
       "      <td>0.010317</td>\n",
       "      <td>-0.006810</td>\n",
       "      <td>0.004651</td>\n",
       "      <td>-0.004940</td>\n",
       "      <td>0.003259</td>\n",
       "      <td>0.012312</td>\n",
       "      <td>-0.012918</td>\n",
       "      <td>-0.012020</td>\n",
       "      <td>0.004037</td>\n",
       "      <td>-0.014865</td>\n",
       "      <td>-0.001744</td>\n",
       "    </tr>\n",
       "    <tr>\n",
       "      <th>alcoabuse</th>\n",
       "      <td>0.010317</td>\n",
       "      <td>1.000000</td>\n",
       "      <td>0.018298</td>\n",
       "      <td>-0.011534</td>\n",
       "      <td>0.009549</td>\n",
       "      <td>-0.006567</td>\n",
       "      <td>0.012866</td>\n",
       "      <td>0.007868</td>\n",
       "      <td>0.002267</td>\n",
       "      <td>0.012254</td>\n",
       "      <td>0.006106</td>\n",
       "      <td>0.000329</td>\n",
       "    </tr>\n",
       "    <tr>\n",
       "      <th>drugabuse</th>\n",
       "      <td>-0.006810</td>\n",
       "      <td>0.018298</td>\n",
       "      <td>1.000000</td>\n",
       "      <td>0.010966</td>\n",
       "      <td>0.002444</td>\n",
       "      <td>-0.009336</td>\n",
       "      <td>0.010483</td>\n",
       "      <td>0.004733</td>\n",
       "      <td>-0.018492</td>\n",
       "      <td>0.003606</td>\n",
       "      <td>0.010896</td>\n",
       "      <td>-0.009437</td>\n",
       "    </tr>\n",
       "    <tr>\n",
       "      <th>prison</th>\n",
       "      <td>0.004651</td>\n",
       "      <td>-0.011534</td>\n",
       "      <td>0.010966</td>\n",
       "      <td>1.000000</td>\n",
       "      <td>0.007040</td>\n",
       "      <td>-0.005280</td>\n",
       "      <td>-0.014308</td>\n",
       "      <td>0.011303</td>\n",
       "      <td>0.026017</td>\n",
       "      <td>-0.015110</td>\n",
       "      <td>0.020625</td>\n",
       "      <td>0.006418</td>\n",
       "    </tr>\n",
       "    <tr>\n",
       "      <th>patdivorce</th>\n",
       "      <td>-0.004940</td>\n",
       "      <td>0.009549</td>\n",
       "      <td>0.002444</td>\n",
       "      <td>0.007040</td>\n",
       "      <td>1.000000</td>\n",
       "      <td>0.009660</td>\n",
       "      <td>-0.013030</td>\n",
       "      <td>-0.000551</td>\n",
       "      <td>0.006105</td>\n",
       "      <td>0.014186</td>\n",
       "      <td>-0.004823</td>\n",
       "      <td>0.002443</td>\n",
       "    </tr>\n",
       "    <tr>\n",
       "      <th>phyabuse1</th>\n",
       "      <td>0.003259</td>\n",
       "      <td>-0.006567</td>\n",
       "      <td>-0.009336</td>\n",
       "      <td>-0.005280</td>\n",
       "      <td>0.009660</td>\n",
       "      <td>1.000000</td>\n",
       "      <td>-0.007861</td>\n",
       "      <td>0.015243</td>\n",
       "      <td>-0.015392</td>\n",
       "      <td>0.008669</td>\n",
       "      <td>-0.004309</td>\n",
       "      <td>0.024649</td>\n",
       "    </tr>\n",
       "    <tr>\n",
       "      <th>phyabuse2</th>\n",
       "      <td>0.012312</td>\n",
       "      <td>0.012866</td>\n",
       "      <td>0.010483</td>\n",
       "      <td>-0.014308</td>\n",
       "      <td>-0.013030</td>\n",
       "      <td>-0.007861</td>\n",
       "      <td>1.000000</td>\n",
       "      <td>-0.000711</td>\n",
       "      <td>0.000556</td>\n",
       "      <td>-0.005574</td>\n",
       "      <td>0.008824</td>\n",
       "      <td>0.002288</td>\n",
       "    </tr>\n",
       "    <tr>\n",
       "      <th>verbalabuse</th>\n",
       "      <td>-0.012918</td>\n",
       "      <td>0.007868</td>\n",
       "      <td>0.004733</td>\n",
       "      <td>0.011303</td>\n",
       "      <td>-0.000551</td>\n",
       "      <td>0.015243</td>\n",
       "      <td>-0.000711</td>\n",
       "      <td>1.000000</td>\n",
       "      <td>0.013179</td>\n",
       "      <td>-0.013495</td>\n",
       "      <td>0.017648</td>\n",
       "      <td>-0.003153</td>\n",
       "    </tr>\n",
       "    <tr>\n",
       "      <th>sexabuse1</th>\n",
       "      <td>-0.012020</td>\n",
       "      <td>0.002267</td>\n",
       "      <td>-0.018492</td>\n",
       "      <td>0.026017</td>\n",
       "      <td>0.006105</td>\n",
       "      <td>-0.015392</td>\n",
       "      <td>0.000556</td>\n",
       "      <td>0.013179</td>\n",
       "      <td>1.000000</td>\n",
       "      <td>0.002821</td>\n",
       "      <td>0.013906</td>\n",
       "      <td>-0.000704</td>\n",
       "    </tr>\n",
       "    <tr>\n",
       "      <th>sexabuse2</th>\n",
       "      <td>0.004037</td>\n",
       "      <td>0.012254</td>\n",
       "      <td>0.003606</td>\n",
       "      <td>-0.015110</td>\n",
       "      <td>0.014186</td>\n",
       "      <td>0.008669</td>\n",
       "      <td>-0.005574</td>\n",
       "      <td>-0.013495</td>\n",
       "      <td>0.002821</td>\n",
       "      <td>1.000000</td>\n",
       "      <td>-0.007884</td>\n",
       "      <td>-0.004772</td>\n",
       "    </tr>\n",
       "    <tr>\n",
       "      <th>sexabuse3</th>\n",
       "      <td>-0.014865</td>\n",
       "      <td>0.006106</td>\n",
       "      <td>0.010896</td>\n",
       "      <td>0.020625</td>\n",
       "      <td>-0.004823</td>\n",
       "      <td>-0.004309</td>\n",
       "      <td>0.008824</td>\n",
       "      <td>0.017648</td>\n",
       "      <td>0.013906</td>\n",
       "      <td>-0.007884</td>\n",
       "      <td>1.000000</td>\n",
       "      <td>-0.016109</td>\n",
       "    </tr>\n",
       "    <tr>\n",
       "      <th>foodinsecure</th>\n",
       "      <td>-0.001744</td>\n",
       "      <td>0.000329</td>\n",
       "      <td>-0.009437</td>\n",
       "      <td>0.006418</td>\n",
       "      <td>0.002443</td>\n",
       "      <td>0.024649</td>\n",
       "      <td>0.002288</td>\n",
       "      <td>-0.003153</td>\n",
       "      <td>-0.000704</td>\n",
       "      <td>-0.004772</td>\n",
       "      <td>-0.016109</td>\n",
       "      <td>1.000000</td>\n",
       "    </tr>\n",
       "  </tbody>\n",
       "</table>\n",
       "</div>"
      ],
      "text/plain": [
       "               depress  alcoabuse  drugabuse    prison  patdivorce  phyabuse1  \\\n",
       "depress       1.000000   0.010317  -0.006810  0.004651   -0.004940   0.003259   \n",
       "alcoabuse     0.010317   1.000000   0.018298 -0.011534    0.009549  -0.006567   \n",
       "drugabuse    -0.006810   0.018298   1.000000  0.010966    0.002444  -0.009336   \n",
       "prison        0.004651  -0.011534   0.010966  1.000000    0.007040  -0.005280   \n",
       "patdivorce   -0.004940   0.009549   0.002444  0.007040    1.000000   0.009660   \n",
       "phyabuse1     0.003259  -0.006567  -0.009336 -0.005280    0.009660   1.000000   \n",
       "phyabuse2     0.012312   0.012866   0.010483 -0.014308   -0.013030  -0.007861   \n",
       "verbalabuse  -0.012918   0.007868   0.004733  0.011303   -0.000551   0.015243   \n",
       "sexabuse1    -0.012020   0.002267  -0.018492  0.026017    0.006105  -0.015392   \n",
       "sexabuse2     0.004037   0.012254   0.003606 -0.015110    0.014186   0.008669   \n",
       "sexabuse3    -0.014865   0.006106   0.010896  0.020625   -0.004823  -0.004309   \n",
       "foodinsecure -0.001744   0.000329  -0.009437  0.006418    0.002443   0.024649   \n",
       "\n",
       "              phyabuse2  verbalabuse  sexabuse1  sexabuse2  sexabuse3  \\\n",
       "depress        0.012312    -0.012918  -0.012020   0.004037  -0.014865   \n",
       "alcoabuse      0.012866     0.007868   0.002267   0.012254   0.006106   \n",
       "drugabuse      0.010483     0.004733  -0.018492   0.003606   0.010896   \n",
       "prison        -0.014308     0.011303   0.026017  -0.015110   0.020625   \n",
       "patdivorce    -0.013030    -0.000551   0.006105   0.014186  -0.004823   \n",
       "phyabuse1     -0.007861     0.015243  -0.015392   0.008669  -0.004309   \n",
       "phyabuse2      1.000000    -0.000711   0.000556  -0.005574   0.008824   \n",
       "verbalabuse   -0.000711     1.000000   0.013179  -0.013495   0.017648   \n",
       "sexabuse1      0.000556     0.013179   1.000000   0.002821   0.013906   \n",
       "sexabuse2     -0.005574    -0.013495   0.002821   1.000000  -0.007884   \n",
       "sexabuse3      0.008824     0.017648   0.013906  -0.007884   1.000000   \n",
       "foodinsecure   0.002288    -0.003153  -0.000704  -0.004772  -0.016109   \n",
       "\n",
       "              foodinsecure  \n",
       "depress          -0.001744  \n",
       "alcoabuse         0.000329  \n",
       "drugabuse        -0.009437  \n",
       "prison            0.006418  \n",
       "patdivorce        0.002443  \n",
       "phyabuse1         0.024649  \n",
