{
 "cells": [
  {
   "cell_type": "code",
   "execution_count": 1,
   "metadata": {},
   "outputs": [],
   "source": [
    "from acemodel import AceModel, Children, simulate_stack\n",
    "from modelmtds import default_mtd, corr_rand_mtd, bootstrap_mtd\n",
    "from spew import * "
   ]
  },
  {
   "cell_type": "code",
   "execution_count": 2,
   "metadata": {},
   "outputs": [],
   "source": [
    "import brfss\n",
    "from brfss import bfs_data"
   ]
  },
  {
   "cell_type": "code",
   "execution_count": 3,
   "metadata": {},
   "outputs": [
    {
     "data": {
      "text/plain": [
       "dict_keys([0, 1, 2, 3, 4, 5])"
      ]
     },
     "execution_count": 3,
     "metadata": {},
     "output_type": "execute_result"
    }
   ],
   "source": [
    "brfss.race_list.keys()"
   ]
  },
  {
   "cell_type": "code",
   "execution_count": 4,
   "metadata": {},
   "outputs": [
    {
     "data": {
      "text/plain": [
       "dict_keys([0, 1, 2, 3, 4, 5, 9])"
      ]
     },
     "execution_count": 4,
     "metadata": {},
     "output_type": "execute_result"
    }
   ],
   "source": [
    "brfss.income_list.keys()"
   ]
  },
  {
   "cell_type": "markdown",
   "metadata": {},
   "source": [
    "sample numbers in SCBRFSS (group by race and income)"
   ]
  },
  {
   "cell_type": "code",
   "execution_count": 5,
   "metadata": {},
   "outputs": [],
   "source": [
    "scbrfss = bfs_data('./brfss/SCBRFSS.csv')"
   ]
  },
  {
   "cell_type": "code",
   "execution_count": 3,
   "metadata": {},
   "outputs": [
    {
     "data": {
      "text/plain": [
       "90314"
      ]
     },
     "execution_count": 3,
     "metadata": {},
     "output_type": "execute_result"
    }
   ],
   "source": [
    "data_prex = './spew_data/2010_ver1_45079_synth_'\n",
    "cdl_data = cdn_data(data_prex)\n",
    "len(cdl_data)"
   ]
  },
  {
   "cell_type": "code",
   "execution_count": 27,
   "metadata": {},
   "outputs": [
    {
     "name": "stdout",
     "output_type": "stream",
     "text": [
      "race: White \t income: < 15000\n",
      "\t sample size in brfss: 2035\n",
      "\t sample size in spew:  1455\n",
      "race: White \t income: 15000 - 24999\n",
      "\t sample size in brfss: 3861\n",
      "\t sample size in spew:  1264\n",
      "race: White \t income: 25000 - 34999\n",
      "\t sample size in brfss: 2670\n",
      "\t sample size in spew:  1903\n",
      "race: White \t income: 35000 - 49999\n",
      "\t sample size in brfss: 3928\n",
      "\t sample size in spew:  2704\n",
      "race: White \t income: 50000 +\n",
      "\t sample size in brfss: 12229\n",
      "\t sample size in spew:  28691\n",
      "race: White \t income: Don't Know\n",
      "\t sample size in brfss: 5115\n",
      "\t sample size in spew:  0\n",
      "race: Black \t income: < 15000\n",
      "\t sample size in brfss: 2197\n",
      "\t sample size in spew:  8643\n",
      "race: Black \t income: 15000 - 24999\n",
      "\t sample size in brfss: 2682\n",
      "\t sample size in spew:  5687\n",
      "race: Black \t income: 25000 - 34999\n",
      "\t sample size in brfss: 1282\n",
      "\t sample size in spew:  6344\n",
      "race: Black \t income: 35000 - 49999\n",
      "\t sample size in brfss: 1268\n",
      "\t sample size in spew:  8172\n",
      "race: Black \t income: 50000 +\n",
      "\t sample size in brfss: 1978\n",
      "\t sample size in spew:  19359\n",
      "race: Black \t income: Don't Know\n",
      "\t sample size in brfss: 2036\n",
      "\t sample size in spew:  0\n",
      "race: Hispanic \t income: < 15000\n",
      "\t sample size in brfss: 118\n",
      "\t sample size in spew:  0\n",
      "race: Hispanic \t income: 15000 - 24999\n",
      "\t sample size in brfss: 236\n",
      "\t sample size in spew:  0\n",
      "race: Hispanic \t income: 25000 - 34999\n",
      "\t sample size in brfss: 122\n",
      "\t sample size in spew:  0\n",
      "race: Hispanic \t income: 35000 - 49999\n",
      "\t sample size in brfss: 102\n",
      "\t sample size in spew:  0\n",
      "race: Hispanic \t income: 50000 +\n",
      "\t sample size in brfss: 236\n",
      "\t sample size in spew:  0\n",
      "race: Hispanic \t income: Don't Know\n",
      "\t sample size in brfss: 192\n",
      "\t sample size in spew:  0\n",
      "race: Other \t income: < 15000\n",
      "\t sample size in brfss: 101\n",
      "\t sample size in spew:  101\n",
      "race: Other \t income: 15000 - 24999\n",
      "\t sample size in brfss: 154\n",
      "\t sample size in spew:  529\n",
      "race: Other \t income: 25000 - 34999\n",
      "\t sample size in brfss: 86\n",
      "\t sample size in spew:  492\n",
      "race: Other \t income: 35000 - 49999\n",
      "\t sample size in brfss: 88\n",
      "\t sample size in spew:  264\n",
      "race: Other \t income: 50000 +\n",
      "\t sample size in brfss: 243\n",
      "\t sample size in spew:  1481\n",
      "race: Other \t income: Don't Know\n",
      "\t sample size in brfss: 181\n",
      "\t sample size in spew:  0\n",
      "race: Multi \t income: < 15000\n",
      "\t sample size in brfss: 109\n",
      "\t sample size in spew:  207\n",
      "race: Multi \t income: 15000 - 24999\n",
      "\t sample size in brfss: 159\n",
      "\t sample size in spew:  473\n",
      "race: Multi \t income: 25000 - 34999\n",
      "\t sample size in brfss: 78\n",
      "\t sample size in spew:  479\n",
      "race: Multi \t income: 35000 - 49999\n",
      "\t sample size in brfss: 120\n",
      "\t sample size in spew:  325\n",
      "race: Multi \t income: 50000 +\n",
      "\t sample size in brfss: 199\n",
      "\t sample size in spew:  1741\n",
      "race: Multi \t income: Don't Know\n",
      "\t sample size in brfss: 131\n",
      "\t sample size in spew:  0\n"
     ]
    }
   ],
   "source": [
    "spew_brfss = bfs_data(cdl_data)\n",
    "for r in list(brfss.race_list.keys())[1:]:\n",
    "    for i in list(brfss.income_list.keys())[1:]:\n",
    "        print('race: {} \\t income: {}'.format(brfss.race_list[r], brfss.income_list[i]))\n",
    "        print('\\t sample size in brfss: {}'.format(len(scbrfss.get_value(r,i))))\n",
    "        print('\\t sample size in spew:  {}'.format(len(spew_brfss.get_value(r,i))))"
   ]
  },
  {
   "cell_type": "code",
   "execution_count": 53,
   "metadata": {},
   "outputs": [],
   "source": [
    "ri_11_array = scbrfss.get_value(1,1,list(brfss.ace_list.values()))[list(brfss.ace_list.values())].to_numpy()"
   ]
  },
  {
   "cell_type": "code",
   "execution_count": 80,
   "metadata": {},
   "outputs": [
    {
     "data": {
      "text/plain": [
       "array([ True,  True,  True,  True,  True,  True,  True,  True,  True,\n",
       "        True])"
      ]
     },
     "execution_count": 80,
     "metadata": {},
     "output_type": "execute_result"
    }
   ],
   "source": [
    "from sklearn.utils import resample\n",
    "tmp = resample(ri_11_array, n_samples = 10)\n",
    "(tmp != np.NaN).all(axis = 1)"
   ]
  },
  {
   "cell_type": "code",
   "execution_count": 100,
   "metadata": {},
   "outputs": [
    {
     "data": {
      "text/plain": [
       "float"
      ]
     },
     "execution_count": 100,
     "metadata": {},
     "output_type": "execute_result"
    }
   ],
   "source": []
  },
  {
   "cell_type": "code",
   "execution_count": 68,
   "metadata": {},
   "outputs": [
    {
     "data": {
      "text/plain": [
       "2"
      ]
     },
     "execution_count": 68,
     "metadata": {},
     "output_type": "execute_result"
    }
   ],
   "source": [
    "tmp = np.array([True, False, True])\n",
    "sum(tmp)"
   ]
  },
  {
   "cell_type": "code",
   "execution_count": 55,
   "metadata": {},
   "outputs": [
    {
     "data": {
      "text/plain": [
       "(2035, 12)"
      ]
     },
     "execution_count": 55,
     "metadata": {},
     "output_type": "execute_result"
    }
   ],
   "source": [
    "ri_11_array.shape"
   ]
  },
  {
   "cell_type": "code",
   "execution_count": 35,
   "metadata": {},
   "outputs": [],
   "source": [
    "tmp = pd.read_csv('./brfss/SCBRFSS.csv', low_memory = False)"
   ]
  },
  {
   "cell_type": "code",
   "execution_count": 48,
   "metadata": {},
   "outputs": [
    {
     "data": {
      "text/plain": [
       "418"
      ]
     },
     "execution_count": 48,
     "metadata": {},
     "output_type": "execute_result"
    }
   ],
   "source": [
    "tmp[(tmp[['_RACE_G1', '_INCOMG']] == [1,1]).all(axis = 1)][list(brfss.ace_list.values())].notna().all(axis = 1).sum()"
   ]
  },
  {
   "cell_type": "code",
   "execution_count": 4,
   "metadata": {},
   "outputs": [],
   "source": []
  },
  {
   "cell_type": "code",
   "execution_count": 6,
   "metadata": {},
   "outputs": [],
   "source": [
    "stack_model = AceModel(cdl_data[\n",
    "    (cdl_data[['_RACE_G1', '_INCOMG']] == [1,1]).all(axis = 1)\n",
    "], 1, 1, step_method = default_mtd)"
   ]
  },
  {
   "cell_type": "code",
   "execution_count": 7,
   "metadata": {},
   "outputs": [
    {
     "data": {
      "text/html": [
       "<div>\n",
       "<style scoped>\n",
       "    .dataframe tbody tr th:only-of-type {\n",
       "        vertical-align: middle;\n",
       "    }\n",
       "\n",
       "    .dataframe tbody tr th {\n",
       "        vertical-align: top;\n",
       "    }\n",
       "\n",
       "    .dataframe thead th {\n",
       "        text-align: right;\n",
       "    }\n",
       "</style>\n",
       "<table border=\"1\" class=\"dataframe\">\n",
       "  <thead>\n",
       "    <tr style=\"text-align: right;\">\n",
       "      <th></th>\n",
       "      <th>id</th>\n",
       "      <th>age</th>\n",
       "      <th>_RACE_G1</th>\n",
       "      <th>_INCOMG</th>\n",
       "      <th>depress</th>\n",
       "      <th>alcoabuse</th>\n",
       "      <th>drugabuse</th>\n",
       "      <th>prison</th>\n",
       "      <th>patdivorce</th>\n",
       "      <th>phyabuse1</th>\n",
       "      <th>phyabuse2</th>\n",
       "      <th>verbalabuse</th>\n",
       "      <th>sexabuse1</th>\n",
       "      <th>sexabuse2</th>\n",
       "      <th>sexabuse3</th>\n",
       "      <th>foodinsecure</th>\n",
       "    </tr>\n",
       "  </thead>\n",
       "  <tbody>\n",
       "    <tr>\n",
       "      <th>0</th>\n",
       "      <td>165829048</td>\n",
       "      <td>8</td>\n",
       "      <td>1</td>\n",
       "      <td>1</td>\n",
       "      <td>0</td>\n",
       "      <td>0</td>\n",
       "      <td>0</td>\n",
       "      <td>0</td>\n",
       "      <td>0</td>\n",
       "      <td>0</td>\n",
       "      <td>1</td>\n",
       "      <td>1</td>\n",
       "      <td>0</td>\n",
       "      <td>0</td>\n",
       "      <td>0</td>\n",
       "      <td>0</td>\n",
       "    </tr>\n",
       "    <tr>\n",
       "      <th>1</th>\n",
       "      <td>165829045</td>\n",
       "      <td>2</td>\n",
       "      <td>1</td>\n",
       "      <td>1</td>\n",
       "      <td>0</td>\n",
       "      <td>0</td>\n",
       "      <td>0</td>\n",
       "      <td>0</td>\n",
       "      <td>1</td>\n",
       "      <td>0</td>\n",
       "      <td>0</td>\n",
       "      <td>0</td>\n",
       "      <td>1</td>\n",
       "      <td>0</td>\n",
       "      <td>0</td>\n",
       "      <td>0</td>\n",
       "    </tr>\n",
       "    <tr>\n",
       "      <th>2</th>\n",
       "      <td>165829052</td>\n",
       "      <td>8</td>\n",
       "      <td>1</td>\n",
       "      <td>1</td>\n",
       "      <td>0</td>\n",
       "      <td>0</td>\n",
       "      <td>0</td>\n",
       "      <td>0</td>\n",
       "      <td>1</td>\n",
       "      <td>0</td>\n",
       "      <td>0</td>\n",
       "      <td>0</td>\n",
       "      <td>0</td>\n",
       "      <td>0</td>\n",
       "      <td>0</td>\n",
       "      <td>1</td>\n",
       "    </tr>\n",
       "    <tr>\n",
       "      <th>3</th>\n",
       "      <td>165829049</td>\n",
       "      <td>2</td>\n",
       "      <td>1</td>\n",
       "      <td>1</td>\n",
       "      <td>1</td>\n",
       "      <td>0</td>\n",
       "      <td>0</td>\n",
       "      <td>0</td>\n",
       "      <td>0</td>\n",
       "      <td>0</td>\n",
       "      <td>0</td>\n",
       "      <td>0</td>\n",
       "      <td>0</td>\n",
       "      <td>0</td>\n",
       "      <td>0</td>\n",
       "      <td>0</td>\n",
       "    </tr>\n",
       "    <tr>\n",
       "      <th>4</th>\n",
       "      <td>165829056</td>\n",
       "      <td>8</td>\n",
       "      <td>1</td>\n",
       "      <td>1</td>\n",
       "      <td>0</td>\n",
       "      <td>1</td>\n",
       "      <td>0</td>\n",
       "      <td>0</td>\n",
       "      <td>0</td>\n",
       "      <td>1</td>\n",
       "      <td>0</td>\n",
       "      <td>0</td>\n",
       "      <td>0</td>\n",
       "      <td>0</td>\n",
       "      <td>0</td>\n",
       "      <td>0</td>\n",
       "    </tr>\n",
       "    <tr>\n",
       "      <th>...</th>\n",
       "      <td>...</td>\n",
       "      <td>...</td>\n",
       "      <td>...</td>\n",
       "      <td>...</td>\n",
       "      <td>...</td>\n",
       "      <td>...</td>\n",
       "      <td>...</td>\n",
       "      <td>...</td>\n",
       "      <td>...</td>\n",
       "      <td>...</td>\n",
       "      <td>...</td>\n",
       "      <td>...</td>\n",
       "      <td>...</td>\n",
       "      <td>...</td>\n",
       "      <td>...</td>\n",
       "      <td>...</td>\n",
       "    </tr>\n",
       "    <tr>\n",
       "      <th>1450</th>\n",
       "      <td>150844527</td>\n",
       "      <td>15</td>\n",
       "      <td>1</td>\n",
       "      <td>1</td>\n",
       "      <td>1</td>\n",
       "      <td>1</td>\n",
       "      <td>0</td>\n",
       "      <td>0</td>\n",
       "      <td>1</td>\n",
       "      <td>1</td>\n",
       "      <td>0</td>\n",
       "      <td>1</td>\n",
       "      <td>0</td>\n",
       "      <td>0</td>\n",
       "      <td>0</td>\n",
       "      <td>1</td>\n",
       "    </tr>\n",
       "    <tr>\n",
       "      <th>1451</th>\n",
       "      <td>151485100</td>\n",
       "      <td>9</td>\n",
       "      <td>1</td>\n",
       "      <td>1</td>\n",
       "      <td>0</td>\n",
       "      <td>0</td>\n",
       "      <td>1</td>\n",
       "      <td>0</td>\n",
       "      <td>0</td>\n",
       "      <td>1</td>\n",
       "      <td>0</td>\n",
       "      <td>0</td>\n",
       "      <td>0</td>\n",
       "      <td>0</td>\n",
       "      <td>0</td>\n",
       "      <td>1</td>\n",
       "    </tr>\n",
       "    <tr>\n",
       "      <th>1452</th>\n",
       "      <td>151485102</td>\n",
       "      <td>4</td>\n",
       "      <td>1</td>\n",
       "      <td>1</td>\n",
       "      <td>0</td>\n",
       "      <td>1</td>\n",
       "      <td>0</td>\n",
       "      <td>0</td>\n",
       "      <td>0</td>\n",
       "      <td>0</td>\n",
       "      <td>0</td>\n",
       "      <td>0</td>\n",
       "      <td>0</td>\n",
       "      <td>0</td>\n",
       "      <td>0</td>\n",
       "      <td>0</td>\n",
       "    </tr>\n",
       "    <tr>\n",
       "      <th>1453</th>\n",
       "      <td>151485214</td>\n",
       "      <td>9</td>\n",
       "      <td>1</td>\n",
       "      <td>1</td>\n",
       "      <td>0</td>\n",
       "      <td>1</td>\n",
       "      <td>0</td>\n",
       "      <td>0</td>\n",
       "      <td>0</td>\n",
       "      <td>0</td>\n",
       "      <td>0</td>\n",
       "      <td>0</td>\n",
       "      <td>0</td>\n",
       "      <td>0</td>\n",
       "      <td>1</td>\n",
       "      <td>0</td>\n",
       "    </tr>\n",
       "    <tr>\n",
       "      <th>1454</th>\n",
       "      <td>151485216</td>\n",
       "      <td>4</td>\n",
       "      <td>1</td>\n",
       "      <td>1</td>\n",
       "      <td>1</td>\n",
       "      <td>1</td>\n",
       "      <td>0</td>\n",
       "      <td>0</td>\n",
       "      <td>0</td>\n",
       "      <td>0</td>\n",
       "      <td>0</td>\n",
       "      <td>1</td>\n",
       "      <td>0</td>\n",
       "      <td>0</td>\n",
       "      <td>0</td>\n",
       "      <td>0</td>\n",
       "    </tr>\n",
       "  </tbody>\n",
       "</table>\n",
       "<p>1455 rows × 16 columns</p>\n",
       "</div>"
      ],
      "text/plain": [
       "             id  age  _RACE_G1  _INCOMG  depress  alcoabuse  drugabuse  \\\n",
       "0     165829048    8         1        1        0          0          0   \n",
       "1     165829045    2         1        1        0          0          0   \n",
       "2     165829052    8         1        1        0          0          0   \n",
       "3     165829049    2         1        1        1          0          0   \n",
       "4     165829056    8         1        1        0          1          0   \n",
       "...         ...  ...       ...      ...      ...        ...        ...   \n",
       "1450  150844527   15         1        1        1          1          0   \n",
       "1451  151485100    9         1        1        0          0          1   \n",
       "1452  151485102    4         1        1        0          1          0   \n",
       "1453  151485214    9         1        1        0          1          0   \n",
       "1454  151485216    4         1        1        1          1          0   \n",
       "\n",
       "      prison  patdivorce  phyabuse1  phyabuse2  verbalabuse  sexabuse1  \\\n",
       "0          0           0          0          1            1          0   \n",
       "1          0           1          0          0            0          1   \n",
       "2          0           1          0          0            0          0   \n",
       "3          0           0          0          0            0          0   \n",
       "4          0           0          1          0            0          0   \n",
       "...      ...         ...        ...        ...          ...        ...   \n",
       "1450       0           1          1          0            1          0   \n",
       "1451       0           0          1          0            0          0   \n",
       "1452       0           0          0          0            0          0   \n",
       "1453       0           0          0          0            0          0   \n",
       "1454       0           0          0          0            1          0   \n",
       "\n",
       "      sexabuse2  sexabuse3  foodinsecure  \n",
       "0             0          0             0  \n",
       "1             0          0             0  \n",
       "2             0          0             1  \n",
       "3             0          0             0  \n",
       "4             0          0             0  \n",
       "...         ...        ...           ...  \n",
       "1450          0          0             1  \n",
       "1451          0          0             1  \n",
       "1452          0          0             0  \n",
       "1453          0          1             0  \n",
       "1454          0          0             0  \n",
       "\n",
       "[1455 rows x 16 columns]"
      ]
     },
     "execution_count": 7,
     "metadata": {},
     "output_type": "execute_result"
    }
   ],
   "source": [
    "for i in range(100):\n",
    "    stack_model.step()\n",
    "    \n",
    "res = stack_model.datacollector.model_vars['Output'][-1]; res"
   ]
  },
  {
   "cell_type": "code",
   "execution_count": 8,
   "metadata": {},
   "outputs": [
    {
     "data": {
      "text/html": [
       "<div>\n",
       "<style scoped>\n",
       "    .dataframe tbody tr th:only-of-type {\n",
       "        vertical-align: middle;\n",
       "    }\n",
       "\n",
       "    .dataframe tbody tr th {\n",
       "        vertical-align: top;\n",
       "    }\n",
       "\n",
       "    .dataframe thead th {\n",
       "        text-align: right;\n",
       "    }\n",
       "</style>\n",
       "<table border=\"1\" class=\"dataframe\">\n",
       "  <thead>\n",
       "    <tr style=\"text-align: right;\">\n",
       "      <th></th>\n",
       "      <th>depress</th>\n",
       "      <th>alcoabuse</th>\n",
       "      <th>drugabuse</th>\n",
       "      <th>prison</th>\n",
       "      <th>patdivorce</th>\n",
       "      <th>phyabuse1</th>\n",
       "      <th>phyabuse2</th>\n",
       "      <th>verbalabuse</th>\n",
       "      <th>sexabuse1</th>\n",
       "      <th>sexabuse2</th>\n",
       "      <th>sexabuse3</th>\n",
       "      <th>foodinsecure</th>\n",
       "    </tr>\n",
       "  </thead>\n",
       "  <tbody>\n",
       "    <tr>\n",
       "      <th>depress</th>\n",
       "      <td>0.191753</td>\n",
       "      <td>0.063918</td>\n",
       "      <td>0.022680</td>\n",
       "      <td>0.027491</td>\n",
       "      <td>0.055670</td>\n",
       "      <td>0.049485</td>\n",
       "      <td>0.038488</td>\n",
       "      <td>0.069416</td>\n",
       "      <td>0.037801</td>\n",
       "      <td>0.026117</td>\n",
       "      <td>0.017182</td>\n",
       "      <td>0.039175</td>\n",
       "    </tr>\n",
       "    <tr>\n",
       "      <th>alcoabuse</th>\n",
       "      <td>0.063918</td>\n",
       "      <td>0.340206</td>\n",
       "      <td>0.032302</td>\n",
       "      <td>0.043986</td>\n",
       "      <td>0.097595</td>\n",
       "      <td>0.079725</td>\n",
       "      <td>0.064605</td>\n",
       "      <td>0.118900</td>\n",
       "      <td>0.064605</td>\n",
       "      <td>0.046048</td>\n",
       "      <td>0.035052</td>\n",
       "      <td>0.067354</td>\n",
       "    </tr>\n",
       "    <tr>\n",
       "      <th>drugabuse</th>\n",
       "      <td>0.022680</td>\n",
       "      <td>0.032302</td>\n",
       "      <td>0.101031</td>\n",
       "      <td>0.015120</td>\n",
       "      <td>0.031615</td>\n",
       "      <td>0.030928</td>\n",
       "      <td>0.017869</td>\n",
       "      <td>0.034364</td>\n",
       "      <td>0.021993</td>\n",
       "      <td>0.013058</td>\n",
       "      <td>0.011684</td>\n",
       "      <td>0.015120</td>\n",
       "    </tr>\n",
       "    <tr>\n",
       "      <th>prison</th>\n",
       "      <td>0.027491</td>\n",
       "      <td>0.043986</td>\n",
       "      <td>0.015120</td>\n",
       "      <td>0.123024</td>\n",
       "      <td>0.040550</td>\n",
       "      <td>0.030928</td>\n",
       "      <td>0.028179</td>\n",
       "      <td>0.052234</td>\n",
       "      <td>0.023368</td>\n",
       "      <td>0.009622</td>\n",
       "      <td>0.012371</td>\n",
       "      <td>0.019931</td>\n",
       "    </tr>\n",
       "    <tr>\n",
       "      <th>patdivorce</th>\n",
       "      <td>0.055670</td>\n",
       "      <td>0.097595</td>\n",
       "      <td>0.031615</td>\n",
       "      <td>0.040550</td>\n",
       "      <td>0.287285</td>\n",
       "      <td>0.078351</td>\n",
       "      <td>0.056357</td>\n",
       "      <td>0.098969</td>\n",
       "      <td>0.059107</td>\n",
       "      <td>0.042612</td>\n",
       "      <td>0.026117</td>\n",
       "      <td>0.053608</td>\n",
       "    </tr>\n",
       "    <tr>\n",
       "      <th>phyabuse1</th>\n",
       "      <td>0.049485</td>\n",
       "      <td>0.079725</td>\n",
       "      <td>0.030928</td>\n",
       "      <td>0.030928</td>\n",
       "      <td>0.078351</td>\n",
       "      <td>0.252921</td>\n",
       "      <td>0.061856</td>\n",
       "      <td>0.087285</td>\n",
       "      <td>0.050859</td>\n",
       "      <td>0.032990</td>\n",
       "      <td>0.026804</td>\n",
       "      <td>0.061168</td>\n",
       "    </tr>\n",
       "    <tr>\n",
       "      <th>phyabuse2</th>\n",
       "      <td>0.038488</td>\n",
       "      <td>0.064605</td>\n",
       "      <td>0.017869</td>\n",
       "      <td>0.028179</td>\n",
       "      <td>0.056357</td>\n",
       "      <td>0.061856</td>\n",
       "      <td>0.212371</td>\n",
       "      <td>0.063230</td>\n",
       "      <td>0.038488</td>\n",
       "      <td>0.030241</td>\n",
       "      <td>0.019244</td>\n",
       "      <td>0.039175</td>\n",
       "    </tr>\n",
       "    <tr>\n",
       "      <th>verbalabuse</th>\n",
       "      <td>0.069416</td>\n",
       "      <td>0.118900</td>\n",
       "      <td>0.034364</td>\n",
       "      <td>0.052234</td>\n",
       "      <td>0.098969</td>\n",
       "      <td>0.087285</td>\n",
       "      <td>0.063230</td>\n",
       "      <td>0.357388</td>\n",
       "      <td>0.067354</td>\n",
       "      <td>0.045361</td>\n",
       "      <td>0.029553</td>\n",
       "      <td>0.068041</td>\n",
       "    </tr>\n",
       "    <tr>\n",
       "      <th>sexabuse1</th>\n",
       "      <td>0.037801</td>\n",
       "      <td>0.064605</td>\n",
       "      <td>0.021993</td>\n",
       "      <td>0.023368</td>\n",
       "      <td>0.059107</td>\n",
       "      <td>0.050859</td>\n",
       "      <td>0.038488</td>\n",
       "      <td>0.067354</td>\n",
       "      <td>0.193127</td>\n",
       "      <td>0.028179</td>\n",
       "      <td>0.015808</td>\n",
       "      <td>0.032302</td>\n",
       "    </tr>\n",
       "    <tr>\n",
       "      <th>sexabuse2</th>\n",
       "      <td>0.026117</td>\n",
       "      <td>0.046048</td>\n",
       "      <td>0.013058</td>\n",
       "      <td>0.009622</td>\n",
       "      <td>0.042612</td>\n",
       "      <td>0.032990</td>\n",
       "      <td>0.030241</td>\n",
       "      <td>0.045361</td>\n",
       "      <td>0.028179</td>\n",
       "      <td>0.147079</td>\n",
       "      <td>0.015808</td>\n",
       "      <td>0.024742</td>\n",
       "    </tr>\n",
       "    <tr>\n",
       "      <th>sexabuse3</th>\n",
       "      <td>0.017182</td>\n",
       "      <td>0.035052</td>\n",
       "      <td>0.011684</td>\n",
       "      <td>0.012371</td>\n",
       "      <td>0.026117</td>\n",
       "      <td>0.026804</td>\n",
       "      <td>0.019244</td>\n",
       "      <td>0.029553</td>\n",
       "      <td>0.015808</td>\n",
       "      <td>0.015808</td>\n",
       "      <td>0.096220</td>\n",
       "      <td>0.014433</td>\n",
       "    </tr>\n",
       "    <tr>\n",
       "      <th>foodinsecure</th>\n",
       "      <td>0.039175</td>\n",
       "      <td>0.067354</td>\n",
       "      <td>0.015120</td>\n",
       "      <td>0.019931</td>\n",
       "      <td>0.053608</td>\n",
       "      <td>0.061168</td>\n",
       "      <td>0.039175</td>\n",
       "      <td>0.068041</td>\n",
       "      <td>0.032302</td>\n",
       "      <td>0.024742</td>\n",
       "      <td>0.014433</td>\n",
       "      <td>0.196564</td>\n",
       "    </tr>\n",
       "  </tbody>\n",
       "</table>\n",
       "</div>"
      ],
      "text/plain": [
       "               depress  alcoabuse  drugabuse    prison  patdivorce  phyabuse1  \\\n",
       "depress       0.191753   0.063918   0.022680  0.027491    0.055670   0.049485   \n",
       "alcoabuse     0.063918   0.340206   0.032302  0.043986    0.097595   0.079725   \n",
       "drugabuse     0.022680   0.032302   0.101031  0.015120    0.031615   0.030928   \n",
       "prison        0.027491   0.043986   0.015120  0.123024    0.040550   0.030928   \n",
       "patdivorce    0.055670   0.097595   0.031615  0.040550    0.287285   0.078351   \n",
       "phyabuse1     0.049485   0.079725   0.030928  0.030928    0.078351   0.252921   \n",
       "phyabuse2     0.038488   0.064605   0.017869  0.028179    0.056357   0.061856   \n",
       "verbalabuse   0.069416   0.118900   0.034364  0.052234    0.098969   0.087285   \n",
       "sexabuse1     0.037801   0.064605   0.021993  0.023368    0.059107   0.050859   \n",
       "sexabuse2     0.026117   0.046048   0.013058  0.009622    0.042612   0.032990   \n",
       "sexabuse3     0.017182   0.035052   0.011684  0.012371    0.026117   0.026804   \n",
       "foodinsecure  0.039175   0.067354   0.015120  0.019931    0.053608   0.061168   \n",
       "\n",
       "              phyabuse2  verbalabuse  sexabuse1  sexabuse2  sexabuse3  \\\n",
       "depress        0.038488     0.069416   0.037801   0.026117   0.017182   \n",
       "alcoabuse      0.064605     0.118900   0.064605   0.046048   0.035052   \n",
       "drugabuse      0.017869     0.034364   0.021993   0.013058   0.011684   \n",
       "prison         0.028179     0.052234   0.023368   0.009622   0.012371   \n",
       "patdivorce     0.056357     0.098969   0.059107   0.042612   0.026117   \n",
       "phyabuse1      0.061856     0.087285   0.050859   0.032990   0.026804   \n",
       "phyabuse2      0.212371     0.063230   0.038488   0.030241   0.019244   \n",
       "verbalabuse    0.063230     0.357388   0.067354   0.045361   0.029553   \n",
       "sexabuse1      0.038488     0.067354   0.193127   0.028179   0.015808   \n",
       "sexabuse2      0.030241     0.045361   0.028179   0.147079   0.015808   \n",
       "sexabuse3      0.019244     0.029553   0.015808   0.015808   0.096220   \n",
       "foodinsecure   0.039175     0.068041   0.032302   0.024742   0.014433   \n",
       "\n",
       "              foodinsecure  \n",
       "depress           0.039175  \n",
       "alcoabuse         0.067354  \n",
       "drugabuse         0.015120  \n",
       "prison            0.019931  \n",
       "patdivorce        0.053608  \n",
       "phyabuse1         0.061168  \n",
       "phyabuse2         0.039175  \n",
       "verbalabuse       0.068041  \n",
       "sexabuse1         0.032302  \n",
       "sexabuse2         0.024742  \n",
       "sexabuse3         0.014433  \n",
       "foodinsecure      0.196564  "
      ]
     },
     "execution_count": 8,
     "metadata": {},
     "output_type": "execute_result"
    }
   ],
   "source": [
    "bfs_data(res).get_prop_mat(1,1)['pr']"
   ]
  },
  {
   "cell_type": "code",
   "execution_count": 9,
   "metadata": {},
   "outputs": [
    {
     "data": {
      "text/html": [
       "<div>\n",
       "<style scoped>\n",
       "    .dataframe tbody tr th:only-of-type {\n",
       "        vertical-align: middle;\n",
       "    }\n",
       "\n",
       "    .dataframe tbody tr th {\n",
       "        vertical-align: top;\n",
       "    }\n",
       "\n",
       "    .dataframe thead th {\n",
       "        text-align: right;\n",
       "    }\n",
       "</style>\n",
       "<table border=\"1\" class=\"dataframe\">\n",
       "  <thead>\n",
       "    <tr style=\"text-align: right;\">\n",
       "      <th></th>\n",
       "      <th>depress</th>\n",
       "      <th>alcoabuse</th>\n",
       "      <th>drugabuse</th>\n",
       "      <th>prison</th>\n",
       "      <th>patdivorce</th>\n",
       "      <th>phyabuse1</th>\n",
       "      <th>phyabuse2</th>\n",
       "      <th>verbalabuse</th>\n",
       "      <th>sexabuse1</th>\n",
       "      <th>sexabuse2</th>\n",
       "      <th>sexabuse3</th>\n",
       "      <th>foodinsecure</th>\n",
       "    </tr>\n",
       "  </thead>\n",
       "  <tbody>\n",
       "    <tr>\n",
       "      <th>depress</th>\n",
       "      <td>1.000000</td>\n",
       "      <td>-0.007066</td>\n",
       "      <td>0.027877</td>\n",
       "      <td>0.030170</td>\n",
       "      <td>0.003269</td>\n",
       "      <td>0.005763</td>\n",
       "      <td>-0.013880</td>\n",
       "      <td>0.004694</td>\n",
       "      <td>0.004942</td>\n",
       "      <td>-0.014960</td>\n",
       "      <td>-0.010925</td>\n",
       "      <td>0.009484</td>\n",
       "    </tr>\n",
       "    <tr>\n",
       "      <th>alcoabuse</th>\n",
       "      <td>-0.007066</td>\n",
       "      <td>1.000000</td>\n",
       "      <td>-0.014490</td>\n",
       "      <td>0.013705</td>\n",
       "      <td>-0.000661</td>\n",
       "      <td>-0.030689</td>\n",
       "      <td>-0.039455</td>\n",
       "      <td>-0.011827</td>\n",
       "      <td>-0.005872</td>\n",
       "      <td>-0.023772</td>\n",
       "      <td>0.016583</td>\n",
       "      <td>0.002559</td>\n",
       "    </tr>\n",
       "    <tr>\n",
       "      <th>drugabuse</th>\n",
       "      <td>0.027877</td>\n",
       "      <td>-0.014490</td>\n",
       "      <td>1.000000</td>\n",
       "      <td>0.027185</td>\n",
       "      <td>0.018996</td>\n",
       "      <td>0.041030</td>\n",
       "      <td>-0.029099</td>\n",
       "      <td>-0.012069</td>\n",
       "      <td>0.020857</td>\n",
       "      <td>-0.016874</td>\n",
       "      <td>0.022084</td>\n",
       "      <td>-0.039567</td>\n",
       "    </tr>\n",
       "    <tr>\n",
       "      <th>prison</th>\n",
       "      <td>0.030170</td>\n",
       "      <td>0.013705</td>\n",
       "      <td>0.027185</td>\n",
       "      <td>1.000000</td>\n",
       "      <td>0.035032</td>\n",
       "      <td>-0.001313</td>\n",
       "      <td>0.015274</td>\n",
       "      <td>0.052514</td>\n",
       "      <td>-0.003020</td>\n",
       "      <td>-0.072825</td>\n",
       "      <td>0.005511</td>\n",
       "      <td>-0.032565</td>\n",
       "    </tr>\n",
       "    <tr>\n",
       "      <th>patdivorce</th>\n",
       "      <td>0.003269</td>\n",
       "      <td>-0.000661</td>\n",
       "      <td>0.018996</td>\n",
       "      <td>0.035032</td>\n",
       "      <td>1.000000</td>\n",
       "      <td>0.028929</td>\n",
       "      <td>-0.025146</td>\n",
       "      <td>-0.017078</td>\n",
       "      <td>0.020288</td>\n",
       "      <td>0.002234</td>\n",
       "      <td>-0.011434</td>\n",
       "      <td>-0.015913</td>\n",
       "    </tr>\n",
       "    <tr>\n",
       "      <th>phyabuse1</th>\n",
       "      <td>0.005763</td>\n",
       "      <td>-0.030689</td>\n",
       "      <td>0.041030</td>\n",
       "      <td>-0.001313</td>\n",
       "      <td>0.028929</td>\n",
       "      <td>1.000000</td>\n",
       "      <td>0.045801</td>\n",
       "      <td>-0.014909</td>\n",
       "      <td>0.011732</td>\n",
       "      <td>-0.027343</td>\n",
       "      <td>0.019254</td>\n",
       "      <td>0.066302</td>\n",
       "    </tr>\n",
       "    <tr>\n",
       "      <th>phyabuse2</th>\n",
       "      <td>-0.013880</td>\n",
       "      <td>-0.039455</td>\n",
       "      <td>-0.029099</td>\n",
       "      <td>0.015274</td>\n",
       "      <td>-0.025146</td>\n",
       "      <td>0.045801</td>\n",
       "      <td>1.000000</td>\n",
       "      <td>-0.064637</td>\n",
       "      <td>-0.015650</td>\n",
       "      <td>-0.006867</td>\n",
       "      <td>-0.009870</td>\n",
       "      <td>-0.015807</td>\n",
       "    </tr>\n",
       "    <tr>\n",
       "      <th>verbalabuse</th>\n",
       "      <td>0.004694</td>\n",
       "      <td>-0.011827</td>\n",
       "      <td>-0.012069</td>\n",
       "      <td>0.052514</td>\n",
       "      <td>-0.017078</td>\n",
       "      <td>-0.014909</td>\n",
       "      <td>-0.064637</td>\n",
       "      <td>1.000000</td>\n",
       "      <td>-0.008814</td>\n",
       "      <td>-0.042439</td>\n",
       "      <td>-0.034210</td>\n",
       "      <td>-0.011595</td>\n",
       "    </tr>\n",
       "    <tr>\n",
       "      <th>sexabuse1</th>\n",
       "      <td>0.004942</td>\n",
       "      <td>-0.005872</td>\n",
       "      <td>0.020857</td>\n",
       "      <td>-0.003020</td>\n",
       "      <td>0.020288</td>\n",
       "      <td>0.011732</td>\n",
       "      <td>-0.015650</td>\n",
       "      <td>-0.008814</td>\n",
       "      <td>1.000000</td>\n",
       "      <td>-0.001618</td>\n",
       "      <td>-0.023839</td>\n",
       "      <td>-0.036076</td>\n",
       "    </tr>\n",
       "    <tr>\n",
       "      <th>sexabuse2</th>\n",
       "      <td>-0.014960</td>\n",
       "      <td>-0.023772</td>\n",
       "      <td>-0.016874</td>\n",
       "      <td>-0.072825</td>\n",
       "      <td>0.002234</td>\n",
       "      <td>-0.027343</td>\n",
       "      <td>-0.006867</td>\n",
       "      <td>-0.042439</td>\n",
       "      <td>-0.001618</td>\n",
       "      <td>1.000000</td>\n",
       "      <td>0.015851</td>\n",
       "      <td>-0.029613</td>\n",
       "    </tr>\n",
       "    <tr>\n",
       "      <th>sexabuse3</th>\n",
       "      <td>-0.010925</td>\n",
       "      <td>0.016583</td>\n",
       "      <td>0.022084</td>\n",
       "      <td>0.005511</td>\n",
       "      <td>-0.011434</td>\n",
       "      <td>0.019254</td>\n",
       "      <td>-0.009870</td>\n",
       "      <td>-0.034210</td>\n",
       "      <td>-0.023839</td>\n",
       "      <td>0.015851</td>\n",
       "      <td>1.000000</td>\n",
       "      <td>-0.038231</td>\n",
       "    </tr>\n",
       "    <tr>\n",
       "      <th>foodinsecure</th>\n",
       "      <td>0.009484</td>\n",
       "      <td>0.002559</td>\n",
       "      <td>-0.039567</td>\n",
       "      <td>-0.032565</td>\n",
       "      <td>-0.015913</td>\n",
       "      <td>0.066302</td>\n",
       "      <td>-0.015807</td>\n",
       "      <td>-0.011595</td>\n",
       "      <td>-0.036076</td>\n",
       "      <td>-0.029613</td>\n",
       "      <td>-0.038231</td>\n",
       "      <td>1.000000</td>\n",
       "    </tr>\n",
       "  </tbody>\n",
       "</table>\n",
       "</div>"
      ],
      "text/plain": [
       "               depress  alcoabuse  drugabuse    prison  patdivorce  phyabuse1  \\\n",
       "depress       1.000000  -0.007066   0.027877  0.030170    0.003269   0.005763   \n",
       "alcoabuse    -0.007066   1.000000  -0.014490  0.013705   -0.000661  -0.030689   \n",
       "drugabuse     0.027877  -0.014490   1.000000  0.027185    0.018996   0.041030   \n",
       "prison        0.030170   0.013705   0.027185  1.000000    0.035032  -0.001313   \n",
       "patdivorce    0.003269  -0.000661   0.018996  0.035032    1.000000   0.028929   \n",
       "phyabuse1     0.005763  -0.030689   0.041030 -0.001313    0.028929   1.000000   \n",
       "phyabuse2    -0.013880  -0.039455  -0.029099  0.015274   -0.025146   0.045801   \n",
       "verbalabuse   0.004694  -0.011827  -0.012069  0.052514   -0.017078  -0.014909   \n",
       "sexabuse1     0.004942  -0.005872   0.020857 -0.003020    0.020288   0.011732   \n",
       "sexabuse2    -0.014960  -0.023772  -0.016874 -0.072825    0.002234  -0.027343   \n",
       "sexabuse3    -0.010925   0.016583   0.022084  0.005511   -0.011434   0.019254   \n",
       "foodinsecure  0.009484   0.002559  -0.039567 -0.032565   -0.015913   0.066302   \n",
       "\n",
       "              phyabuse2  verbalabuse  sexabuse1  sexabuse2  sexabuse3  \\\n",
       "depress       -0.013880     0.004694   0.004942  -0.014960  -0.010925   \n",
       "alcoabuse     -0.039455    -0.011827  -0.005872  -0.023772   0.016583   \n",
       "drugabuse     -0.029099    -0.012069   0.020857  -0.016874   0.022084   \n",
       "prison         0.015274     0.052514  -0.003020  -0.072825   0.005511   \n",
       "patdivorce    -0.025146    -0.017078   0.020288   0.002234  -0.011434   \n",
       "phyabuse1      0.045801    -0.014909   0.011732  -0.027343   0.019254   \n",
       "phyabuse2      1.000000    -0.064637  -0.015650  -0.006867  -0.009870   \n",
       "verbalabuse   -0.064637     1.000000  -0.008814  -0.042439  -0.034210   \n",
       "sexabuse1     -0.015650    -0.008814   1.000000  -0.001618  -0.023839   \n",
       "sexabuse2     -0.006867    -0.042439  -0.001618   1.000000   0.015851   \n",
       "sexabuse3     -0.009870    -0.034210  -0.023839   0.015851   1.000000   \n",
       "foodinsecure  -0.015807    -0.011595  -0.036076  -0.029613  -0.038231   \n",
       "\n",
       "              foodinsecure  \n",
       "depress           0.009484  \n",
       "alcoabuse         0.002559  \n",
       "drugabuse        -0.039567  \n",
