{
 "cells": [
  {
   "cell_type": "code",
   "execution_count": 1,
   "metadata": {},
   "outputs": [],
   "source": [
    "from acemodel import AceModel, Children, simulate_stack\n",
    "from modelmtds import default_mtd, corr_rand_mtd\n",
    "from modelmtds import bootstrap_mtd, bootstrap_mtd_nonan, bootstrap_mtd_ptnan\n",
    "from modelmtds import bootstrap_mtd_fill\n",
    "from spew import * "
   ]
  },
  {
   "cell_type": "code",
   "execution_count": 2,
   "metadata": {},
   "outputs": [],
   "source": [
    "import brfss\n",
    "from brfss import bfs_data"
   ]
  },
  {
   "cell_type": "code",
   "execution_count": 3,
   "metadata": {},
   "outputs": [
    {
     "data": {
      "text/plain": [
       "261744"
      ]
     },
     "execution_count": 3,
     "metadata": {},
     "output_type": "execute_result"
    }
   ],
   "source": [
    "data_prex = './spew_data/2010_ver1_45079_synth_'\n",
    "cdl_data = cdn_data(data_prex)\n",
    "len(cdl_data)"
   ]
  },
  {
   "cell_type": "code",
   "execution_count": 4,
   "metadata": {},
   "outputs": [],
   "source": [
    "# bst_model = AceModel(cdl_data[\n",
    "#     (cdl_data[['_RACE_G1', '_INCOMG']] == [1,1]).all(axis = 1)\n",
    "# ], 1, 1, step_method = bootstrap_mtd)"
   ]
  },
  {
   "cell_type": "code",
   "execution_count": 5,
   "metadata": {},
   "outputs": [],
   "source": [
    "# bst_model.step()"
   ]
  },
  {
   "cell_type": "code",
   "execution_count": 6,
   "metadata": {},
   "outputs": [],
   "source": [
    "# res = bst_model.datacollector.model_vars['Output'][-1]; res"
   ]
  },
  {
   "cell_type": "code",
   "execution_count": 7,
   "metadata": {},
   "outputs": [],
   "source": [
    "# bf_res = bfs_data(res)"
   ]
  },
  {
   "cell_type": "code",
   "execution_count": 8,
   "metadata": {},
   "outputs": [],
   "source": [
    "# ri_11_simu = bf_res.get_value(1,1,list(brfss.ace_list.values())); ri_11_simu"
   ]
  },
  {
   "cell_type": "code",
   "execution_count": 9,
   "metadata": {},
   "outputs": [
    {
     "data": {
      "text/html": [
       "<div>\n",
       "<style scoped>\n",
       "    .dataframe tbody tr th:only-of-type {\n",
       "        vertical-align: middle;\n",
       "    }\n",
       "\n",
       "    .dataframe tbody tr th {\n",
       "        vertical-align: top;\n",
       "    }\n",
       "\n",
       "    .dataframe thead th {\n",
       "        text-align: right;\n",
       "    }\n",
       "</style>\n",
       "<table border=\"1\" class=\"dataframe\">\n",
       "  <thead>\n",
       "    <tr style=\"text-align: right;\">\n",
       "      <th></th>\n",
       "      <th>id</th>\n",
       "      <th>age</th>\n",
       "      <th>_RACE_G1</th>\n",
       "      <th>_INCOMG</th>\n",
       "      <th>depress</th>\n",
       "      <th>alcoabuse</th>\n",
       "      <th>drugabuse</th>\n",
       "      <th>prison</th>\n",
       "      <th>patdivorce</th>\n",
       "      <th>phyabuse1</th>\n",
       "      <th>phyabuse2</th>\n",
       "      <th>verbalabuse</th>\n",
       "      <th>sexabuse1</th>\n",
       "      <th>sexabuse2</th>\n",
       "      <th>sexabuse3</th>\n",
       "      <th>foodinsecure</th>\n",
       "    </tr>\n",
       "  </thead>\n",
       "  <tbody>\n",
       "    <tr>\n",
       "      <th>0</th>\n",
       "      <td>165121903</td>\n",
       "      <td>85</td>\n",
       "      <td>1</td>\n",
       "      <td>1</td>\n",
       "      <td>NaN</td>\n",
       "      <td>NaN</td>\n",
       "      <td>NaN</td>\n",
       "      <td>NaN</td>\n",
       "      <td>NaN</td>\n",
       "      <td>NaN</td>\n",
       "      <td>NaN</td>\n",
       "      <td>NaN</td>\n",
       "      <td>NaN</td>\n",
       "      <td>NaN</td>\n",
       "      <td>NaN</td>\n",
       "      <td>0.0</td>\n",
       "    </tr>\n",
       "    <tr>\n",
       "      <th>1</th>\n",
       "      <td>165121904</td>\n",
       "      <td>85</td>\n",
       "      <td>1</td>\n",
       "      <td>1</td>\n",
       "      <td>0.0</td>\n",
       "      <td>0.0</td>\n",
       "      <td>0.0</td>\n",
       "      <td>0.0</td>\n",
       "      <td>1.0</td>\n",
       "      <td>0.0</td>\n",
       "      <td>0.0</td>\n",
       "      <td>0.0</td>\n",
       "      <td>0.0</td>\n",
       "      <td>0.0</td>\n",
       "      <td>0.0</td>\n",
       "      <td>NaN</td>\n",
       "    </tr>\n",
       "    <tr>\n",
       "      <th>2</th>\n",
       "      <td>165121905</td>\n",
       "      <td>85</td>\n",
       "      <td>1</td>\n",
       "      <td>1</td>\n",
       "      <td>1.0</td>\n",
       "      <td>1.0</td>\n",
       "      <td>0.0</td>\n",
       "      <td>1.0</td>\n",
       "      <td>NaN</td>\n",
       "      <td>1.0</td>\n",
       "      <td>0.0</td>\n",
       "      <td>1.0</td>\n",
       "      <td>0.0</td>\n",
       "      <td>1.0</td>\n",
       "      <td>0.0</td>\n",
       "      <td>1.0</td>\n",
       "    </tr>\n",
       "    <tr>\n",
       "      <th>3</th>\n",
       "      <td>165641324</td>\n",
       "      <td>50</td>\n",
       "      <td>1</td>\n",
       "      <td>1</td>\n",
       "      <td>NaN</td>\n",
       "      <td>NaN</td>\n",
       "      <td>NaN</td>\n",
       "      <td>NaN</td>\n",
       "      <td>NaN</td>\n",
       "      <td>NaN</td>\n",
       "      <td>NaN</td>\n",
       "      <td>NaN</td>\n",
       "      <td>NaN</td>\n",
       "      <td>NaN</td>\n",
       "      <td>NaN</td>\n",
       "      <td>NaN</td>\n",
       "    </tr>\n",
       "    <tr>\n",
       "      <th>4</th>\n",
       "      <td>165641323</td>\n",
       "      <td>29</td>\n",
       "      <td>1</td>\n",
       "      <td>1</td>\n",
       "      <td>1.0</td>\n",
       "      <td>1.0</td>\n",
       "      <td>1.0</td>\n",
       "      <td>0.0</td>\n",
       "      <td>0.0</td>\n",
       "      <td>0.0</td>\n",
       "      <td>0.0</td>\n",
       "      <td>0.0</td>\n",
       "      <td>0.0</td>\n",
       "      <td>0.0</td>\n",
       "      <td>0.0</td>\n",
       "      <td>NaN</td>\n",
       "    </tr>\n",
       "    <tr>\n",
       "      <th>...</th>\n",
       "      <td>...</td>\n",
       "      <td>...</td>\n",
       "      <td>...</td>\n",
       "      <td>...</td>\n",
       "      <td>...</td>\n",
       "      <td>...</td>\n",
       "      <td>...</td>\n",
       "      <td>...</td>\n",
       "      <td>...</td>\n",
       "      <td>...</td>\n",
       "      <td>...</td>\n",
       "      <td>...</td>\n",
       "      <td>...</td>\n",
       "      <td>...</td>\n",
       "      <td>...</td>\n",
       "      <td>...</td>\n",
       "    </tr>\n",
       "    <tr>\n",
       "      <th>261739</th>\n",
       "      <td>163646280</td>\n",
       "      <td>60</td>\n",
       "      <td>5</td>\n",
       "      <td>5</td>\n",
       "      <td>NaN</td>\n",
       "      <td>NaN</td>\n",
       "      <td>NaN</td>\n",
       "      <td>NaN</td>\n",
       "      <td>NaN</td>\n",
       "      <td>NaN</td>\n",
       "      <td>NaN</td>\n",
       "      <td>NaN</td>\n",
       "      <td>NaN</td>\n",
       "      <td>NaN</td>\n",
       "      <td>NaN</td>\n",
       "      <td>NaN</td>\n",
       "    </tr>\n",
       "    <tr>\n",
       "      <th>261740</th>\n",
       "      <td>163646283</td>\n",
       "      <td>60</td>\n",
       "      <td>5</td>\n",
       "      <td>5</td>\n",
       "      <td>NaN</td>\n",
       "      <td>NaN</td>\n",
       "      <td>NaN</td>\n",
       "      <td>NaN</td>\n",
       "      <td>NaN</td>\n",
       "      <td>NaN</td>\n",
       "      <td>NaN</td>\n",
       "      <td>NaN</td>\n",
       "      <td>NaN</td>\n",
       "      <td>NaN</td>\n",
       "      <td>NaN</td>\n",
       "      <td>1.0</td>\n",
       "    </tr>\n",
       "    <tr>\n",
       "      <th>261741</th>\n",
       "      <td>163646284</td>\n",
       "      <td>60</td>\n",
       "      <td>5</td>\n",
       "      <td>5</td>\n",
       "      <td>1.0</td>\n",
       "      <td>0.0</td>\n",
       "      <td>0.0</td>\n",
       "      <td>0.0</td>\n",
       "      <td>0.0</td>\n",
       "      <td>0.0</td>\n",
       "      <td>0.0</td>\n",
       "      <td>1.0</td>\n",
       "      <td>0.0</td>\n",
       "      <td>0.0</td>\n",
       "      <td>0.0</td>\n",
       "      <td>0.0</td>\n",
       "    </tr>\n",
       "    <tr>\n",
       "      <th>261742</th>\n",
       "      <td>163646286</td>\n",
       "      <td>60</td>\n",
       "      <td>5</td>\n",
       "      <td>5</td>\n",
       "      <td>0.0</td>\n",
       "      <td>0.0</td>\n",
       "      <td>0.0</td>\n",
       "      <td>0.0</td>\n",
       "      <td>0.0</td>\n",
       "      <td>0.0</td>\n",
       "      <td>0.0</td>\n",
       "      <td>0.0</td>\n",
       "      <td>0.0</td>\n",
       "      <td>0.0</td>\n",
       "      <td>0.0</td>\n",
       "      <td>0.0</td>\n",
       "    </tr>\n",
       "    <tr>\n",
       "      <th>261743</th>\n",
       "      <td>163646287</td>\n",
       "      <td>60</td>\n",
       "      <td>5</td>\n",
       "      <td>5</td>\n",
       "      <td>NaN</td>\n",
       "      <td>NaN</td>\n",
       "      <td>NaN</td>\n",
       "      <td>NaN</td>\n",
       "      <td>NaN</td>\n",
       "      <td>NaN</td>\n",
       "      <td>NaN</td>\n",
       "      <td>NaN</td>\n",
       "      <td>NaN</td>\n",
       "      <td>NaN</td>\n",
       "      <td>NaN</td>\n",
       "      <td>0.0</td>\n",
       "    </tr>\n",
       "  </tbody>\n",
       "</table>\n",
       "<p>261744 rows × 16 columns</p>\n",
       "</div>"
      ],
      "text/plain": [
       "               id  age  _RACE_G1  _INCOMG  depress  alcoabuse  drugabuse  \\\n",
       "0       165121903   85         1        1      NaN        NaN        NaN   \n",
       "1       165121904   85         1        1      0.0        0.0        0.0   \n",
       "2       165121905   85         1        1      1.0        1.0        0.0   \n",
       "3       165641324   50         1        1      NaN        NaN        NaN   \n",
       "4       165641323   29         1        1      1.0        1.0        1.0   \n",
       "...           ...  ...       ...      ...      ...        ...        ...   \n",
       "261739  163646280   60         5        5      NaN        NaN        NaN   \n",
       "261740  163646283   60         5        5      NaN        NaN        NaN   \n",
       "261741  163646284   60         5        5      1.0        0.0        0.0   \n",
       "261742  163646286   60         5        5      0.0        0.0        0.0   \n",
       "261743  163646287   60         5        5      NaN        NaN        NaN   \n",
       "\n",
       "        prison  patdivorce  phyabuse1  phyabuse2  verbalabuse  sexabuse1  \\\n",
       "0          NaN         NaN        NaN        NaN          NaN        NaN   \n",
       "1          0.0         1.0        0.0        0.0          0.0        0.0   \n",
       "2          1.0         NaN        1.0        0.0          1.0        0.0   \n",
       "3          NaN         NaN        NaN        NaN          NaN        NaN   \n",
       "4          0.0         0.0        0.0        0.0          0.0        0.0   \n",
       "...        ...         ...        ...        ...          ...        ...   \n",
       "261739     NaN         NaN        NaN        NaN          NaN        NaN   \n",
       "261740     NaN         NaN        NaN        NaN          NaN        NaN   \n",
       "261741     0.0         0.0        0.0        0.0          1.0        0.0   \n",
       "261742     0.0         0.0        0.0        0.0          0.0        0.0   \n",
       "261743     NaN         NaN        NaN        NaN          NaN        NaN   \n",
       "\n",
       "        sexabuse2  sexabuse3  foodinsecure  \n",
       "0             NaN        NaN           0.0  \n",
       "1             0.0        0.0           NaN  \n",
       "2             1.0        0.0           1.0  \n",
       "3             NaN        NaN           NaN  \n",
       "4             0.0        0.0           NaN  \n",
       "...           ...        ...           ...  \n",
       "261739        NaN        NaN           NaN  \n",
       "261740        NaN        NaN           1.0  \n",
       "261741        0.0        0.0           0.0  \n",
       "261742        0.0        0.0           0.0  \n",
       "261743        NaN        NaN           0.0  \n",
       "\n",
       "[261744 rows x 16 columns]"
      ]
     },
     "execution_count": 9,
     "metadata": {},
     "output_type": "execute_result"
    }
   ],
   "source": [
    "bst_result = simulate_stack(mtd = bootstrap_mtd, cdl_data = cdl_data, step_num = 1); bst_result"
   ]
  },
  {
   "cell_type": "code",
   "execution_count": 10,
   "metadata": {},
   "outputs": [],
   "source": [
    "bst_result_bf = bfs_data(bst_result)"
   ]
  },
  {
   "cell_type": "code",
   "execution_count": 11,
   "metadata": {},
   "outputs": [
    {
     "data": {
      "text/html": [
       "<div>\n",
       "<style scoped>\n",
       "    .dataframe tbody tr th:only-of-type {\n",
       "        vertical-align: middle;\n",
       "    }\n",
       "\n",
       "    .dataframe tbody tr th {\n",
       "        vertical-align: top;\n",
       "    }\n",
       "\n",
       "    .dataframe thead th {\n",
       "        text-align: right;\n",
       "    }\n",
       "</style>\n",
       "<table border=\"1\" class=\"dataframe\">\n",
       "  <thead>\n",
       "    <tr style=\"text-align: right;\">\n",
       "      <th></th>\n",
       "      <th>depress</th>\n",
       "      <th>alcoabuse</th>\n",
       "      <th>drugabuse</th>\n",
       "      <th>prison</th>\n",
       "      <th>patdivorce</th>\n",
       "      <th>phyabuse1</th>\n",
       "      <th>phyabuse2</th>\n",
       "      <th>verbalabuse</th>\n",
       "      <th>sexabuse1</th>\n",
       "      <th>sexabuse2</th>\n",
       "      <th>sexabuse3</th>\n",
       "      <th>foodinsecure</th>\n",
       "    </tr>\n",
       "  </thead>\n",
       "  <tbody>\n",
       "    <tr>\n",
       "      <th>depress</th>\n",
       "      <td>0.212640</td>\n",
       "      <td>0.138896</td>\n",
       "      <td>0.066594</td>\n",
       "      <td>0.049695</td>\n",
       "      <td>0.099204</td>\n",
       "      <td>0.099600</td>\n",
       "      <td>0.093933</td>\n",
       "      <td>0.144906</td>\n",
       "      <td>0.085121</td>\n",
       "      <td>0.074855</td>\n",
       "      <td>0.053473</td>\n",
       "      <td>0.067400</td>\n",
       "    </tr>\n",
       "    <tr>\n",
       "      <th>alcoabuse</th>\n",
       "      <td>0.138896</td>\n",
       "      <td>0.334711</td>\n",
       "      <td>0.077811</td>\n",
       "      <td>0.083534</td>\n",
       "      <td>0.157680</td>\n",
       "      <td>0.179624</td>\n",
       "      <td>0.129315</td>\n",
       "      <td>0.197810</td>\n",
       "      <td>0.121105</td>\n",
       "      <td>0.099850</td>\n",
       "      <td>0.071906</td>\n",
       "      <td>0.088919</td>\n",
       "    </tr>\n",
       "    <tr>\n",
       "      <th>drugabuse</th>\n",
       "      <td>0.066594</td>\n",
       "      <td>0.077811</td>\n",
       "      <td>0.107606</td>\n",
       "      <td>0.046102</td>\n",
       "      <td>0.061564</td>\n",
       "      <td>0.056991</td>\n",
       "      <td>0.046788</td>\n",
       "      <td>0.075495</td>\n",
       "      <td>0.046515</td>\n",
       "      <td>0.039710</td>\n",
       "      <td>0.029545</td>\n",
       "      <td>0.033836</td>\n",
       "    </tr>\n",
       "    <tr>\n",
       "      <th>prison</th>\n",
       "      <td>0.049695</td>\n",
       "      <td>0.083534</td>\n",
       "      <td>0.046102</td>\n",
       "      <td>0.103941</td>\n",
       "      <td>0.056537</td>\n",
       "      <td>0.066503</td>\n",
       "      <td>0.044639</td>\n",
       "      <td>0.069110</td>\n",
       "      <td>0.050476</td>\n",
       "      <td>0.038924</td>\n",
       "      <td>0.024557</td>\n",
       "      <td>0.046797</td>\n",
       "    </tr>\n",
       "    <tr>\n",
       "      <th>patdivorce</th>\n",
       "      <td>0.099204</td>\n",
       "      <td>0.157680</td>\n",
       "      <td>0.061564</td>\n",
       "      <td>0.056537</td>\n",
       "      <td>0.288612</td>\n",
       "      <td>0.133904</td>\n",
       "      <td>0.103142</td>\n",
       "      <td>0.153836</td>\n",
       "      <td>0.087322</td>\n",
       "      <td>0.065560</td>\n",
       "      <td>0.050840</td>\n",
       "      <td>0.093012</td>\n",
       "    </tr>\n",
       "    <tr>\n",
       "      <th>phyabuse1</th>\n",
       "      <td>0.099600</td>\n",
       "      <td>0.179624</td>\n",
       "      <td>0.056991</td>\n",
       "      <td>0.066503</td>\n",
       "      <td>0.133904</td>\n",
       "      <td>0.247046</td>\n",
       "      <td>0.125822</td>\n",
       "      <td>0.167217</td>\n",
       "      <td>0.090595</td>\n",
       "      <td>0.070346</td>\n",
       "      <td>0.057730</td>\n",
       "      <td>0.095616</td>\n",
       "    </tr>\n",
       "    <tr>\n",
       "      <th>phyabuse2</th>\n",
       "      <td>0.093933</td>\n",
       "      <td>0.129315</td>\n",
       "      <td>0.046788</td>\n",
       "      <td>0.044639</td>\n",
       "      <td>0.103142</td>\n",
       "      <td>0.125822</td>\n",
       "      <td>0.214852</td>\n",
       "      <td>0.183347</td>\n",
       "      <td>0.089964</td>\n",
       "      <td>0.069860</td>\n",
       "      <td>0.052509</td>\n",
       "      <td>0.084134</td>\n",
       "    </tr>\n",
       "    <tr>\n",
       "      <th>verbalabuse</th>\n",
       "      <td>0.144906</td>\n",
       "      <td>0.197810</td>\n",
       "      <td>0.075495</td>\n",
       "      <td>0.069110</td>\n",
       "      <td>0.153836</td>\n",
       "      <td>0.167217</td>\n",
       "      <td>0.183347</td>\n",
       "      <td>0.341726</td>\n",
       "      <td>0.129690</td>\n",
       "      <td>0.103723</td>\n",
       "      <td>0.070448</td>\n",
       "      <td>0.110342</td>\n",
       "    </tr>\n",
       "    <tr>\n",
       "      <th>sexabuse1</th>\n",
       "      <td>0.085121</td>\n",
       "      <td>0.121105</td>\n",
       "      <td>0.046515</td>\n",
       "      <td>0.050476</td>\n",
       "      <td>0.087322</td>\n",
       "      <td>0.090595</td>\n",
       "      <td>0.089964</td>\n",
       "      <td>0.129690</td>\n",
       "      <td>0.202142</td>\n",
       "      <td>0.133004</td>\n",
       "      <td>0.098410</td>\n",
       "      <td>0.079130</td>\n",
       "    </tr>\n",
       "    <tr>\n",
       "      <th>sexabuse2</th>\n",
       "      <td>0.074855</td>\n",
       "      <td>0.099850</td>\n",
       "      <td>0.039710</td>\n",
       "      <td>0.038924</td>\n",
       "      <td>0.065560</td>\n",
       "      <td>0.070346</td>\n",
       "      <td>0.069860</td>\n",
       "      <td>0.103723</td>\n",
       "      <td>0.133004</td>\n",
       "      <td>0.148884</td>\n",
       "      <td>0.083505</td>\n",
       "      <td>0.060495</td>\n",
       "    </tr>\n",
       "    <tr>\n",
       "      <th>sexabuse3</th>\n",
       "      <td>0.053473</td>\n",
       "      <td>0.071906</td>\n",
       "      <td>0.029545</td>\n",
       "      <td>0.024557</td>\n",
       "      <td>0.050840</td>\n",
       "      <td>0.057730</td>\n",
       "      <td>0.052509</td>\n",
       "      <td>0.070448</td>\n",
       "      <td>0.098410</td>\n",
       "      <td>0.083505</td>\n",
       "      <td>0.113377</td>\n",
       "      <td>0.048544</td>\n",
       "    </tr>\n",
       "    <tr>\n",
       "      <th>foodinsecure</th>\n",
       "      <td>0.067400</td>\n",
       "      <td>0.088919</td>\n",
       "      <td>0.033836</td>\n",
       "      <td>0.046797</td>\n",
       "      <td>0.093012</td>\n",
       "      <td>0.095616</td>\n",
       "      <td>0.084134</td>\n",
       "      <td>0.110342</td>\n",
       "      <td>0.079130</td>\n",
       "      <td>0.060495</td>\n",
       "      <td>0.048544</td>\n",
       "      <td>0.206003</td>\n",
       "    </tr>\n",
       "  </tbody>\n",
       "</table>\n",
       "</div>"
      ],
      "text/plain": [
       "               depress  alcoabuse  drugabuse    prison  patdivorce  phyabuse1  \\\n",
       "depress       0.212640   0.138896   0.066594  0.049695    0.099204   0.099600   \n",
       "alcoabuse     0.138896   0.334711   0.077811  0.083534    0.157680   0.179624   \n",
       "drugabuse     0.066594   0.077811   0.107606  0.046102    0.061564   0.056991   \n",
       "prison        0.049695   0.083534   0.046102  0.103941    0.056537   0.066503   \n",
       "patdivorce    0.099204   0.157680   0.061564  0.056537    0.288612   0.133904   \n",
       "phyabuse1     0.099600   0.179624   0.056991  0.066503    0.133904   0.247046   \n",
       "phyabuse2     0.093933   0.129315   0.046788  0.044639    0.103142   0.125822   \n",
       "verbalabuse   0.144906   0.197810   0.075495  0.069110    0.153836   0.167217   \n",
       "sexabuse1     0.085121   0.121105   0.046515  0.050476    0.087322   0.090595   \n",
       "sexabuse2     0.074855   0.099850   0.039710  0.038924    0.065560   0.070346   \n",
       "sexabuse3     0.053473   0.071906   0.029545  0.024557    0.050840   0.057730   \n",
       "foodinsecure  0.067400   0.088919   0.033836  0.046797    0.093012   0.095616   \n",
       "\n",
       "              phyabuse2  verbalabuse  sexabuse1  sexabuse2  sexabuse3  \\\n",
       "depress        0.093933     0.144906   0.085121   0.074855   0.053473   \n",
       "alcoabuse      0.129315     0.197810   0.121105   0.099850   0.071906   \n",
       "drugabuse      0.046788     0.075495   0.046515   0.039710   0.029545   \n",
       "prison         0.044639     0.069110   0.050476   0.038924   0.024557   \n",
       "patdivorce     0.103142     0.153836   0.087322   0.065560   0.050840   \n",
       "phyabuse1      0.125822     0.167217   0.090595   0.070346   0.057730   \n",
       "phyabuse2      0.214852     0.183347   0.089964   0.069860   0.052509   \n",
       "verbalabuse    0.183347     0.341726   0.129690   0.103723   0.070448   \n",
       "sexabuse1      0.089964     0.129690   0.202142   0.133004   0.098410   \n",
       "sexabuse2      0.069860     0.103723   0.133004   0.148884   0.083505   \n",
       "sexabuse3      0.052509     0.070448   0.098410   0.083505   0.113377   \n",
       "foodinsecure   0.084134     0.110342   0.079130   0.060495   0.048544   \n",
       "\n",
       "              foodinsecure  \n",
       "depress           0.067400  \n",
       "alcoabuse         0.088919  \n",
       "drugabuse         0.033836  \n",
       "prison            0.046797  \n",
       "patdivorce        0.093012  \n",
       "phyabuse1         0.095616  \n",
       "phyabuse2         0.084134  \n",
       "verbalabuse       0.110342  \n",
       "sexabuse1         0.079130  \n",
       "sexabuse2         0.060495  \n",
       "sexabuse3         0.048544  \n",
       "foodinsecure      0.206003  "
      ]
     },
     "execution_count": 11,
     "metadata": {},
     "output_type": "execute_result"
    }
   ],
   "source": [
    "bst_result_bf.get_prop_mat(1,1)['pr']"
   ]
  },
  {
   "cell_type": "code",
   "execution_count": 12,
   "metadata": {},
   "outputs": [
    {
     "data": {
      "text/html": [
       "<div>\n",
       "<style scoped>\n",
       "    .dataframe tbody tr th:only-of-type {\n",
       "        vertical-align: middle;\n",
       "    }\n",
       "\n",
       "    .dataframe tbody tr th {\n",
       "        vertical-align: top;\n",
       "    }\n",
       "\n",
       "    .dataframe thead th {\n",
       "        text-align: right;\n",
       "    }\n",
       "</style>\n",
       "<table border=\"1\" class=\"dataframe\">\n",
       "  <thead>\n",
       "    <tr style=\"text-align: right;\">\n",
       "      <th></th>\n",
       "      <th>depress</th>\n",
       "      <th>alcoabuse</th>\n",
       "      <th>drugabuse</th>\n",
       "      <th>prison</th>\n",
       "      <th>patdivorce</th>\n",
       "      <th>phyabuse1</th>\n",
       "      <th>phyabuse2</th>\n",
       "      <th>verbalabuse</th>\n",
       "      <th>sexabuse1</th>\n",
       "      <th>sexabuse2</th>\n",
       "      <th>sexabuse3</th>\n",
       "      <th>foodinsecure</th>\n",
       "    </tr>\n",
       "  </thead>\n",
       "  <tbody>\n",
       "    <tr>\n",
       "      <th>depress</th>\n",
       "      <td>1.000000</td>\n",
       "      <td>0.353179</td>\n",
       "      <td>0.344218</td>\n",
       "      <td>0.220446</td>\n",
       "      <td>0.205669</td>\n",
       "      <td>0.278224</td>\n",
       "      <td>0.295683</td>\n",
       "      <td>0.372816</td>\n",
       "      <td>0.256860</td>\n",
       "      <td>0.295948</td>\n",
       "      <td>0.229703</td>\n",
       "      <td>0.169456</td>\n",
       "    </tr>\n",
       "    <tr>\n",
       "      <th>alcoabuse</th>\n",
       "      <td>0.353179</td>\n",
       "      <td>1.000000</td>\n",
       "      <td>0.287010</td>\n",
       "      <td>0.338008</td>\n",
       "      <td>0.287976</td>\n",
       "      <td>0.479865</td>\n",
       "      <td>0.294752</td>\n",
       "      <td>0.369340</td>\n",
       "      <td>0.283602</td>\n",
       "      <td>0.297181</td>\n",
       "      <td>0.228223</td>\n",
       "      <td>0.173879</td>\n",
       "    </tr>\n",
       "    <tr>\n",
       "      <th>drugabuse</th>\n",
       "      <td>0.344218</td>\n",
       "      <td>0.287010</td>\n",
       "      <td>1.000000</td>\n",
       "      <td>0.377182</td>\n",
       "      <td>0.227299</td>\n",
       "      <td>0.230565</td>\n",
       "      <td>0.191395</td>\n",
       "      <td>0.268984</td>\n",
       "      <td>0.204464</td>\n",
       "      <td>0.221661</td>\n",
       "      <td>0.183014</td>\n",
       "      <td>0.131703</td>\n",
       "    </tr>\n",
       "    <tr>\n",
       "      <th>prison</th>\n",
       "      <td>0.220446</td>\n",
       "      <td>0.338008</td>\n",
       "      <td>0.377182</td>\n",
       "      <td>1.000000</td>\n",
       "      <td>0.203478</td>\n",
       "      <td>0.307445</td>\n",
       "      <td>0.176032</td>\n",
       "      <td>0.232210</td>\n",
       "      <td>0.239766</td>\n",
       "      <td>0.216952</td>\n",
       "      <td>0.133994</td>\n",
       "      <td>0.232284</td>\n",
       "    </tr>\n",
       "    <tr>\n",
       "      <th>patdivorce</th>\n",
       "      <td>0.205669</td>\n",
       "      <td>0.287976</td>\n",
       "      <td>0.227299</td>\n",
       "      <td>0.203478</td>\n",
       "      <td>1.000000</td>\n",
       "      <td>0.338219</td>\n",
       "      <td>0.226881</td>\n",
       "      <td>0.264383</td>\n",
       "      <td>0.170044</td>\n",
       "      <td>0.149373</td>\n",
       "      <td>0.134584</td>\n",
       "      <td>0.207674</td>\n",
       "    </tr>\n",
       "    <tr>\n",
       "      <th>phyabuse1</th>\n",
       "      <td>0.278224</td>\n",
       "      <td>0.479865</td>\n",
       "      <td>0.230565</td>\n",
       "      <td>0.307445</td>\n",
       "      <td>0.338219</td>\n",
       "      <td>1.000000</td>\n",
       "      <td>0.421711</td>\n",
       "      <td>0.418168</td>\n",
       "      <td>0.246844</td>\n",
       "      <td>0.232472</td>\n",
       "      <td>0.223093</td>\n",
       "      <td>0.264911</td>\n",
       "    </tr>\n",
       "    <tr>\n",
       "      <th>phyabuse2</th>\n",
       "      <td>0.295683</td>\n",
       "      <td>0.294752</td>\n",
       "      <td>0.191395</td>\n",
       "      <td>0.176032</td>\n",
       "      <td>0.226881</td>\n",
       "      <td>0.421711</td>\n",
       "      <td>1.000000</td>\n",
       "      <td>0.560332</td>\n",
       "      <td>0.293617</td>\n",
       "      <td>0.270977</td>\n",
       "      <td>0.230165</td>\n",
       "      <td>0.261455</td>\n",
       "    </tr>\n",
       "    <tr>\n",
       "      <th>verbalabuse</th>\n",
       "      <td>0.372816</td>\n",
       "      <td>0.369340</td>\n",
       "      <td>0.268984</td>\n",
       "      <td>0.232210</td>\n",
       "      <td>0.264383</td>\n",
       "      <td>0.418168</td>\n",
       "      <td>0.560332</td>\n",
       "      <td>1.000000</td>\n",
       "      <td>0.323045</td>\n",
       "      <td>0.317131</td>\n",
       "      <td>0.221500</td>\n",
       "      <td>0.196957</td>\n",
       "    </tr>\n",
       "    <tr>\n",
       "      <th>sexabuse1</th>\n",
       "      <td>0.256860</td>\n",
       "      <td>0.283602</td>\n",
       "      <td>0.204464</td>\n",
       "      <td>0.239766</td>\n",
       "      <td>0.170044</td>\n",
       "      <td>0.246844</td>\n",
       "      <td>0.293617</td>\n",
       "      <td>0.323045</td>\n",
       "      <td>1.000000</td>\n",
       "      <td>0.738616</td>\n",
       "      <td>0.610370</td>\n",
       "      <td>0.208840</td>\n",
       "    </tr>\n",
       "    <tr>\n",
       "      <th>sexabuse2</th>\n",
       "      <td>0.295948</td>\n",
       "      <td>0.297181</td>\n",
       "      <td>0.221661</td>\n",
       "      <td>0.216952</td>\n",
       "      <td>0.149373</td>\n",
       "      <td>0.232472</td>\n",
       "      <td>0.270977</td>\n",
       "      <td>0.317131</td>\n",
       "      <td>0.738616</td>\n",
       "      <td>1.000000</td>\n",
       "      <td>0.613303</td>\n",
       "      <td>0.209097</td>\n",
       "    </tr>\n",
       "    <tr>\n",
       "      <th>sexabuse3</th>\n",
       "      <td>0.229703</td>\n",
       "      <td>0.228223</td>\n",
       "      <td>0.183014</td>\n",
       "      <td>0.133994</td>\n",
       "      <td>0.134584</td>\n",
       "      <td>0.223093</td>\n",
       "      <td>0.230165</td>\n",
       "      <td>0.221500</td>\n",
       "      <td>0.610370</td>\n",
       "      <td>0.613303</td>\n",
       "      <td>1.000000</td>\n",
       "      <td>0.190958</td>\n",
       "    </tr>\n",
       "    <tr>\n",
       "      <th>foodinsecure</th>\n",
       "      <td>0.169456</td>\n",
       "      <td>0.173879</td>\n",
       "      <td>0.131703</td>\n",
       "      <td>0.232284</td>\n",
       "      <td>0.207674</td>\n",
       "      <td>0.264911</td>\n",
       "      <td>0.261455</td>\n",
       "      <td>0.196957</td>\n",
       "      <td>0.208840</td>\n",
       "      <td>0.209097</td>\n",
       "      <td>0.190958</td>\n",
       "      <td>1.000000</td>\n",
       "    </tr>\n",
       "  </tbody>\n",
       "</table>\n",
       "</div>"
      ],
      "text/plain": [
       "               depress  alcoabuse  drugabuse    prison  patdivorce  phyabuse1  \\\n",
       "depress       1.000000   0.353179   0.344218  0.220446    0.205669   0.278224   \n",
       "alcoabuse     0.353179   1.000000   0.287010  0.338008    0.287976   0.479865   \n",
       "drugabuse     0.344218   0.287010   1.000000  0.377182    0.227299   0.230565   \n",
       "prison        0.220446   0.338008   0.377182  1.000000    0.203478   0.307445   \n",
       "patdivorce    0.205669   0.287976   0.227299  0.203478    1.000000   0.338219   \n",
       "phyabuse1     0.278224   0.479865   0.230565  0.307445    0.338219   1.000000   \n",
       "phyabuse2     0.295683   0.294752   0.191395  0.176032    0.226881   0.421711   \n",
       "verbalabuse   0.372816   0.369340   0.268984  0.232210    0.264383   0.418168   \n",
       "sexabuse1     0.256860   0.283602   0.204464  0.239766    0.170044   0.246844   \n",
       "sexabuse2     0.295948   0.297181   0.221661  0.216952    0.149373   0.232472   \n",
       "sexabuse3     0.229703   0.228223   0.183014  0.133994    0.134584   0.223093   \n",
       "foodinsecure  0.169456   0.173879   0.131703  0.232284    0.207674   0.264911   \n",
       "\n",
       "              phyabuse2  verbalabuse  sexabuse1  sexabuse2  sexabuse3  \\\n",
       "depress        0.295683     0.372816   0.256860   0.295948   0.229703   \n",
       "alcoabuse      0.294752     0.369340   0.283602   0.297181   0.228223   \n",
       "drugabuse      0.191395     0.268984   0.204464   0.221661   0.183014   \n",
       "prison         0.176032     0.232210   0.239766   0.216952   0.133994   \n",
       "patdivorce     0.226881     0.264383   0.170044   0.149373   0.134584   \n",
       "phyabuse1      0.421711     0.418168   0.246844   0.232472   0.223093   \n",
       "phyabuse2      1.000000     0.560332   0.293617   0.270977   0.230165   \n",
       "verbalabuse    0.560332     1.000000   0.323045   0.317131   0.221500   \n",
       "sexabuse1      0.293617     0.323045   1.000000   0.738616   0.610370   \n",
       "sexabuse2      0.270977     0.317131   0.738616   1.000000   0.613303   \n",
       "sexabuse3      0.230165     0.221500   0.610370   0.613303   1.000000   \n",
       "foodinsecure   0.261455     0.196957   0.208840   0.209097   0.190958   \n",
       "\n",
       "              foodinsecure  \n",
       "depress           0.169456  \n",
       "alcoabuse         0.173879  \n",
       "drugabuse         0.131703  \n",
       "prison            0.232284  \n",
       "patdivorce        0.207674  \n",
       "phyabuse1         0.264911  \n",
       "phyabuse2         0.261455  \n",
       "verbalabuse       0.196957  \n",
       "sexabuse1         0.208840  \n",
       "sexabuse2         0.209097  \n",
       "sexabuse3         0.190958  \n",
       "foodinsecure      1.000000  "
      ]
     },
     "execution_count": 12,
     "metadata": {},
     "output_type": "execute_result"
    }
   ],
   "source": [
    "bst_result_bf.get_corr_mat(1,1)"
   ]
  },
  {
   "cell_type": "code",
   "execution_count": null,
   "metadata": {},
   "outputs": [],
   "source": []
  },
  {
   "cell_type": "code",
   "execution_count": 13,
   "metadata": {},
   "outputs": [
    {
     "data": {
      "text/html": [
       "<div>\n",
       "<style scoped>\n",
       "    .dataframe tbody tr th:only-of-type {\n",
       "        vertical-align: middle;\n",
       "    }\n",
       "\n",
       "    .dataframe tbody tr th {\n",
       "        vertical-align: top;\n",
       "    }\n",
       "\n",
       "    .dataframe thead th {\n",
       "        text-align: right;\n",
       "    }\n",
       "</style>\n",
       "<table border=\"1\" class=\"dataframe\">\n",
       "  <thead>\n",
       "    <tr style=\"text-align: right;\">\n",
       "      <th></th>\n",
       "      <th>id</th>\n",
       "      <th>age</th>\n",
       "      <th>_RACE_G1</th>\n",
       "      <th>_INCOMG</th>\n",
       "      <th>depress</th>\n",
       "      <th>alcoabuse</th>\n",
       "      <th>drugabuse</th>\n",
       "      <th>prison</th>\n",
       "      <th>patdivorce</th>\n",
       "      <th>phyabuse1</th>\n",
       "      <th>phyabuse2</th>\n",
       "      <th>verbalabuse</th>\n",
       "      <th>sexabuse1</th>\n",
       "      <th>sexabuse2</th>\n",
       "      <th>sexabuse3</th>\n",
       "      <th>foodinsecure</th>\n",
       "    </tr>\n",
       "  </thead>\n",
       "  <tbody>\n",
       "    <tr>\n",
       "      <th>0</th>\n",
       "      <td>165121903</td>\n",
       "      <td>85</td>\n",
       "      <td>1</td>\n",
       "      <td>1</td>\n",
       "      <td>1.0</td>\n",
       "      <td>1.0</td>\n",
       "      <td>1.0</td>\n",
       "      <td>0.0</td>\n",
       "      <td>1.0</td>\n",
       "      <td>0.0</td>\n",
       "      <td>1.0</td>\n",
       "      <td>1.0</td>\n",
       "      <td>0.0</td>\n",
       "      <td>0.0</td>\n",
       "      <td>0.0</td>\n",
       "      <td>1.0</td>\n",
       "    </tr>\n",
       "    <tr>\n",
       "      <th>1</th>\n",
       "      <td>165121904</td>\n",
       "      <td>85</td>\n",
       "      <td>1</td>\n",
       "      <td>1</td>\n",
       "      <td>0.0</td>\n",
       "      <td>1.0</td>\n",
       "      <td>0.0</td>\n",
       "      <td>1.0</td>\n",
       "      <td>1.0</td>\n",
       "      <td>1.0</td>\n",
       "      <td>1.0</td>\n",
       "      <td>1.0</td>\n",
       "      <td>1.0</td>\n",
       "      <td>0.0</td>\n",
       "      <td>0.0</td>\n",
       "      <td>1.0</td>\n",
       "    </tr>\n",
       "    <tr>\n",
       "      <th>2</th>\n",
       "      <td>165121905</td>\n",
       "      <td>85</td>\n",
       "      <td>1</td>\n",
       "      <td>1</td>\n",
       "      <td>0.0</td>\n",
       "      <td>1.0</td>\n",
       "      <td>0.0</td>\n",
       "      <td>0.0</td>\n",
       "      <td>1.0</td>\n",
       "      <td>0.0</td>\n",
       "      <td>0.0</td>\n",
       "      <td>0.0</td>\n",
       "      <td>0.0</td>\n",
       "      <td>0.0</td>\n",
       "      <td>0.0</td>\n",
       "      <td>0.0</td>\n",
       "    </tr>\n",
       "    <tr>\n",
       "      <th>3</th>\n",
       "      <td>165641324</td>\n",
       "      <td>50</td>\n",
       "      <td>1</td>\n",
       "      <td>1</td>\n",
       "      <td>0.0</td>\n",
       "      <td>0.0</td>\n",
       "      <td>0.0</td>\n",
       "      <td>0.0</td>\n",
       "      <td>0.0</td>\n",
       "      <td>0.0</td>\n",
       "      <td>0.0</td>\n",
       "      <td>0.0</td>\n",
       "      <td>0.0</td>\n",
       "      <td>0.0</td>\n",
       "      <td>0.0</td>\n",
       "      <td>0.0</td>\n",
       "    </tr>\n",
       "    <tr>\n",
       "      <th>4</th>\n",
       "      <td>165641323</td>\n",
       "      <td>29</td>\n",
       "      <td>1</td>\n",
       "      <td>1</td>\n",
       "      <td>0.0</td>\n",
       "      <td>0.0</td>\n",
       "      <td>0.0</td>\n",
       "      <td>0.0</td>\n",
       "      <td>0.0</td>\n",
       "      <td>0.0</td>\n",
       "      <td>0.0</td>\n",
       "      <td>0.0</td>\n",
       "      <td>0.0</td>\n",
       "      <td>0.0</td>\n",
       "      <td>0.0</td>\n",
       "      <td>0.0</td>\n",
       "    </tr>\n",
       "    <tr>\n",
       "      <th>...</th>\n",
       "      <td>...</td>\n",
       "      <td>...</td>\n",
       "      <td>...</td>\n",
       "      <td>...</td>\n",
       "      <td>...</td>\n",
       "      <td>...</td>\n",
       "      <td>...</td>\n",
       "      <td>...</td>\n",
       "      <td>...</td>\n",
       "      <td>...</td>\n",
       "      <td>...</td>\n",
       "      <td>...</td>\n",
       "      <td>...</td>\n",
       "      <td>...</td>\n",
       "      <td>...</td>\n",
       "      <td>...</td>\n",
       "    </tr>\n",
       "    <tr>\n",
       "      <th>261739</th>\n",
       "      <td>163646280</td>\n",
       "      <td>60</td>\n",
       "      <td>5</td>\n",
       "      <td>5</td>\n",
       "      <td>0.0</td>\n",
       "      <td>1.0</td>\n",
       "      <td>0.0</td>\n",
       "      <td>0.0</td>\n",
       "      <td>1.0</td>\n",
       "      <td>1.0</td>\n",
       "      <td>0.0</td>\n",
       "      <td>1.0</td>\n",
       "      <td>0.0</td>\n",
       "      <td>0.0</td>\n",
       "      <td>0.0</td>\n",
       "      <td>0.0</td>\n",
       "    </tr>\n",
       "    <tr>\n",
       "      <th>261740</th>\n",
       "      <td>163646283</td>\n",
       "      <td>60</td>\n",
       "      <td>5</td>\n",
       "      <td>5</td>\n",
       "      <td>0.0</td>\n",
       "      <td>0.0</td>\n",
       "      <td>0.0</td>\n",
       "      <td>0.0</td>\n",
       "      <td>0.0</td>\n",
       "      <td>0.0</td>\n",
       "      <td>0.0</td>\n",
       "      <td>0.0</td>\n",
       "      <td>0.0</td>\n",
       "      <td>0.0</td>\n",
       "      <td>0.0</td>\n",
       "      <td>0.0</td>\n",
       "    </tr>\n",
       "    <tr>\n",
       "      <th>261741</th>\n",
