{
 "cells": [
  {
   "cell_type": "code",
   "execution_count": 1,
   "metadata": {},
   "outputs": [],
   "source": [
    "from acemodel import AceModel, Children, simulate_stack\n",
    "from modelmtds import default_mtd, corr_rand_mtd, bootstrap_mtd\n",
    "from spew import * "
   ]
  },
  {
   "cell_type": "code",
   "execution_count": 2,
   "metadata": {},
   "outputs": [],
   "source": [
    "import brfss\n",
    "from brfss import bfs_data"
   ]
  },
  {
   "cell_type": "code",
   "execution_count": 3,
   "metadata": {},
   "outputs": [
    {
     "data": {
      "text/plain": [
       "90314"
      ]
     },
     "execution_count": 3,
     "metadata": {},
     "output_type": "execute_result"
    }
   ],
   "source": [
    "data_prex = './spew_data/2010_ver1_45079_synth_'\n",
    "cdl_data = cdn_data(data_prex)\n",
    "len(cdl_data)"
   ]
  },
  {
   "cell_type": "code",
   "execution_count": 4,
   "metadata": {},
   "outputs": [],
   "source": [
    "# bst_model = AceModel(cdl_data[\n",
    "#     (cdl_data[['_RACE_G1', '_INCOMG']] == [1,1]).all(axis = 1)\n",
    "# ], 1, 1, step_method = bootstrap_mtd)"
   ]
  },
  {
   "cell_type": "code",
   "execution_count": 5,
   "metadata": {},
   "outputs": [],
   "source": [
    "# bst_model.step()"
   ]
  },
  {
   "cell_type": "code",
   "execution_count": 6,
   "metadata": {},
   "outputs": [],
   "source": [
    "# res = bst_model.datacollector.model_vars['Output'][-1]; res"
   ]
  },
  {
   "cell_type": "code",
   "execution_count": 7,
   "metadata": {},
   "outputs": [],
   "source": [
    "# bf_res = bfs_data(res)"
   ]
  },
  {
   "cell_type": "code",
   "execution_count": 8,
   "metadata": {},
   "outputs": [],
   "source": [
    "# ri_11_simu = bf_res.get_value(1,1,list(brfss.ace_list.values())); ri_11_simu"
   ]
  },
  {
   "cell_type": "code",
   "execution_count": 9,
   "metadata": {},
   "outputs": [
    {
     "data": {
      "text/html": [
       "<div>\n",
       "<style scoped>\n",
       "    .dataframe tbody tr th:only-of-type {\n",
       "        vertical-align: middle;\n",
       "    }\n",
       "\n",
       "    .dataframe tbody tr th {\n",
       "        vertical-align: top;\n",
       "    }\n",
       "\n",
       "    .dataframe thead th {\n",
       "        text-align: right;\n",
       "    }\n",
       "</style>\n",
       "<table border=\"1\" class=\"dataframe\">\n",
       "  <thead>\n",
       "    <tr style=\"text-align: right;\">\n",
       "      <th></th>\n",
       "      <th>id</th>\n",
       "      <th>age</th>\n",
       "      <th>_RACE_G1</th>\n",
       "      <th>_INCOMG</th>\n",
       "      <th>depress</th>\n",
       "      <th>alcoabuse</th>\n",
       "      <th>drugabuse</th>\n",
       "      <th>prison</th>\n",
       "      <th>patdivorce</th>\n",
       "      <th>phyabuse1</th>\n",
       "      <th>phyabuse2</th>\n",
       "      <th>verbalabuse</th>\n",
       "      <th>sexabuse1</th>\n",
       "      <th>sexabuse2</th>\n",
       "      <th>sexabuse3</th>\n",
       "      <th>foodinsecure</th>\n",
       "    </tr>\n",
       "  </thead>\n",
       "  <tbody>\n",
       "    <tr>\n",
       "      <th>0</th>\n",
       "      <td>165829048</td>\n",
       "      <td>8</td>\n",
       "      <td>1</td>\n",
       "      <td>1</td>\n",
       "      <td>0.0</td>\n",
       "      <td>0.0</td>\n",
       "      <td>0.0</td>\n",
       "      <td>1.0</td>\n",
       "      <td>1.0</td>\n",
       "      <td>1.0</td>\n",
       "      <td>0.0</td>\n",
       "      <td>0.0</td>\n",
       "      <td>0.0</td>\n",
       "      <td>0.0</td>\n",
       "      <td>0.0</td>\n",
       "      <td>NaN</td>\n",
       "    </tr>\n",
       "    <tr>\n",
       "      <th>1</th>\n",
       "      <td>165829045</td>\n",
       "      <td>2</td>\n",
       "      <td>1</td>\n",
       "      <td>1</td>\n",
       "      <td>0.0</td>\n",
       "      <td>1.0</td>\n",
       "      <td>0.0</td>\n",
       "      <td>0.0</td>\n",
       "      <td>0.0</td>\n",
       "      <td>1.0</td>\n",
       "      <td>1.0</td>\n",
       "      <td>1.0</td>\n",
       "      <td>1.0</td>\n",
       "      <td>1.0</td>\n",
       "      <td>1.0</td>\n",
       "      <td>NaN</td>\n",
       "    </tr>\n",
       "    <tr>\n",
       "      <th>2</th>\n",
       "      <td>165829052</td>\n",
       "      <td>8</td>\n",
       "      <td>1</td>\n",
       "      <td>1</td>\n",
       "      <td>0.0</td>\n",
       "      <td>0.0</td>\n",
       "      <td>0.0</td>\n",
       "      <td>0.0</td>\n",
       "      <td>0.0</td>\n",
       "      <td>0.0</td>\n",
       "      <td>0.0</td>\n",
       "      <td>0.0</td>\n",
       "      <td>1.0</td>\n",
       "      <td>0.0</td>\n",
       "      <td>0.0</td>\n",
       "      <td>NaN</td>\n",
       "    </tr>\n",
       "    <tr>\n",
       "      <th>3</th>\n",
       "      <td>165829049</td>\n",
       "      <td>2</td>\n",
       "      <td>1</td>\n",
       "      <td>1</td>\n",
       "      <td>0.0</td>\n",
       "      <td>1.0</td>\n",
       "      <td>1.0</td>\n",
       "      <td>0.0</td>\n",
       "      <td>1.0</td>\n",
       "      <td>0.0</td>\n",
       "      <td>1.0</td>\n",
       "      <td>1.0</td>\n",
       "      <td>1.0</td>\n",
       "      <td>1.0</td>\n",
       "      <td>1.0</td>\n",
       "      <td>0.0</td>\n",
       "    </tr>\n",
       "    <tr>\n",
       "      <th>4</th>\n",
       "      <td>165829056</td>\n",
       "      <td>8</td>\n",
       "      <td>1</td>\n",
       "      <td>1</td>\n",
       "      <td>0.0</td>\n",
       "      <td>0.0</td>\n",
       "      <td>0.0</td>\n",
       "      <td>0.0</td>\n",
       "      <td>1.0</td>\n",
       "      <td>0.0</td>\n",
       "      <td>0.0</td>\n",
       "      <td>0.0</td>\n",
       "      <td>0.0</td>\n",
       "      <td>0.0</td>\n",
       "      <td>0.0</td>\n",
       "      <td>NaN</td>\n",
       "    </tr>\n",
       "    <tr>\n",
       "      <th>...</th>\n",
       "      <td>...</td>\n",
       "      <td>...</td>\n",
       "      <td>...</td>\n",
       "      <td>...</td>\n",
       "      <td>...</td>\n",
       "      <td>...</td>\n",
       "      <td>...</td>\n",
       "      <td>...</td>\n",
       "      <td>...</td>\n",
       "      <td>...</td>\n",
       "      <td>...</td>\n",
       "      <td>...</td>\n",
       "      <td>...</td>\n",
       "      <td>...</td>\n",
       "      <td>...</td>\n",
       "      <td>...</td>\n",
       "    </tr>\n",
       "    <tr>\n",
       "      <th>90309</th>\n",
       "      <td>141520733</td>\n",
       "      <td>17</td>\n",
       "      <td>5</td>\n",
       "      <td>5</td>\n",
       "      <td>0.0</td>\n",
       "      <td>0.0</td>\n",
       "      <td>1.0</td>\n",
       "      <td>0.0</td>\n",
       "      <td>0.0</td>\n",
       "      <td>0.0</td>\n",
       "      <td>0.0</td>\n",
       "      <td>0.0</td>\n",
       "      <td>0.0</td>\n",
       "      <td>0.0</td>\n",
       "      <td>0.0</td>\n",
       "      <td>NaN</td>\n",
       "    </tr>\n",
       "    <tr>\n",
       "      <th>90310</th>\n",
       "      <td>141520751</td>\n",
       "      <td>17</td>\n",
       "      <td>5</td>\n",
       "      <td>5</td>\n",
       "      <td>NaN</td>\n",
       "      <td>NaN</td>\n",
       "      <td>NaN</td>\n",
       "      <td>NaN</td>\n",
       "      <td>NaN</td>\n",
       "      <td>NaN</td>\n",
       "      <td>NaN</td>\n",
       "      <td>NaN</td>\n",
       "      <td>NaN</td>\n",
       "      <td>NaN</td>\n",
       "      <td>NaN</td>\n",
       "      <td>NaN</td>\n",
       "    </tr>\n",
       "    <tr>\n",
       "      <th>90311</th>\n",
       "      <td>159390840</td>\n",
       "      <td>2</td>\n",
       "      <td>5</td>\n",
       "      <td>5</td>\n",
       "      <td>0.0</td>\n",
       "      <td>0.0</td>\n",
       "      <td>0.0</td>\n",
       "      <td>0.0</td>\n",
       "      <td>0.0</td>\n",
       "      <td>0.0</td>\n",
       "      <td>0.0</td>\n",
       "      <td>0.0</td>\n",
       "      <td>0.0</td>\n",
       "      <td>0.0</td>\n",
       "      <td>0.0</td>\n",
       "      <td>0.0</td>\n",
       "    </tr>\n",
       "    <tr>\n",
       "      <th>90312</th>\n",
       "      <td>159390843</td>\n",
       "      <td>2</td>\n",
       "      <td>5</td>\n",
       "      <td>5</td>\n",
       "      <td>0.0</td>\n",
       "      <td>1.0</td>\n",
       "      <td>0.0</td>\n",
       "      <td>1.0</td>\n",
       "      <td>0.0</td>\n",
       "      <td>0.0</td>\n",
       "      <td>0.0</td>\n",
       "      <td>NaN</td>\n",
       "      <td>0.0</td>\n",
       "      <td>0.0</td>\n",
       "      <td>0.0</td>\n",
       "      <td>NaN</td>\n",
       "    </tr>\n",
       "    <tr>\n",
       "      <th>90313</th>\n",
       "      <td>159390873</td>\n",
       "      <td>2</td>\n",
       "      <td>5</td>\n",
       "      <td>5</td>\n",
       "      <td>0.0</td>\n",
       "      <td>0.0</td>\n",
       "      <td>0.0</td>\n",
       "      <td>0.0</td>\n",
       "      <td>1.0</td>\n",
       "      <td>0.0</td>\n",
       "      <td>0.0</td>\n",
       "      <td>0.0</td>\n",
       "      <td>0.0</td>\n",
       "      <td>0.0</td>\n",
       "      <td>0.0</td>\n",
       "      <td>0.0</td>\n",
       "    </tr>\n",
       "  </tbody>\n",
       "</table>\n",
       "<p>90314 rows × 16 columns</p>\n",
       "</div>"
      ],
      "text/plain": [
       "              id  age  _RACE_G1  _INCOMG  depress  alcoabuse  drugabuse  \\\n",
       "0      165829048    8         1        1      0.0        0.0        0.0   \n",
       "1      165829045    2         1        1      0.0        1.0        0.0   \n",
       "2      165829052    8         1        1      0.0        0.0        0.0   \n",
       "3      165829049    2         1        1      0.0        1.0        1.0   \n",
       "4      165829056    8         1        1      0.0        0.0        0.0   \n",
       "...          ...  ...       ...      ...      ...        ...        ...   \n",
       "90309  141520733   17         5        5      0.0        0.0        1.0   \n",
       "90310  141520751   17         5        5      NaN        NaN        NaN   \n",
       "90311  159390840    2         5        5      0.0        0.0        0.0   \n",
       "90312  159390843    2         5        5      0.0        1.0        0.0   \n",
       "90313  159390873    2         5        5      0.0        0.0        0.0   \n",
       "\n",
       "       prison  patdivorce  phyabuse1  phyabuse2  verbalabuse  sexabuse1  \\\n",
       "0         1.0         1.0        1.0        0.0          0.0        0.0   \n",
       "1         0.0         0.0        1.0        1.0          1.0        1.0   \n",
       "2         0.0         0.0        0.0        0.0          0.0        1.0   \n",
       "3         0.0         1.0        0.0        1.0          1.0        1.0   \n",
       "4         0.0         1.0        0.0        0.0          0.0        0.0   \n",
       "...       ...         ...        ...        ...          ...        ...   \n",
       "90309     0.0         0.0        0.0        0.0          0.0        0.0   \n",
       "90310     NaN         NaN        NaN        NaN          NaN        NaN   \n",
       "90311     0.0         0.0        0.0        0.0          0.0        0.0   \n",
       "90312     1.0         0.0        0.0        0.0          NaN        0.0   \n",
       "90313     0.0         1.0        0.0        0.0          0.0        0.0   \n",
       "\n",
       "       sexabuse2  sexabuse3  foodinsecure  \n",
       "0            0.0        0.0           NaN  \n",
       "1            1.0        1.0           NaN  \n",
       "2            0.0        0.0           NaN  \n",
       "3            1.0        1.0           0.0  \n",
       "4            0.0        0.0           NaN  \n",
       "...          ...        ...           ...  \n",
       "90309        0.0        0.0           NaN  \n",
       "90310        NaN        NaN           NaN  \n",
       "90311        0.0        0.0           0.0  \n",
       "90312        0.0        0.0           NaN  \n",
       "90313        0.0        0.0           0.0  \n",
       "\n",
       "[90314 rows x 16 columns]"
      ]
     },
     "execution_count": 9,
     "metadata": {},
     "output_type": "execute_result"
    }
   ],
   "source": [
    "bst_result = simulate_stack(mtd = bootstrap_mtd, cdl_data = cdl_data, step_num = 1); bst_result"
   ]
  },
  {
   "cell_type": "code",
   "execution_count": 10,
   "metadata": {},
   "outputs": [],
   "source": [
    "bst_result_bf = bfs_data(bst_result)"
   ]
  },
  {
   "cell_type": "code",
   "execution_count": 11,
   "metadata": {},
   "outputs": [
    {
     "data": {
      "text/html": [
       "<div>\n",
       "<style scoped>\n",
       "    .dataframe tbody tr th:only-of-type {\n",
       "        vertical-align: middle;\n",
       "    }\n",
       "\n",
       "    .dataframe tbody tr th {\n",
       "        vertical-align: top;\n",
       "    }\n",
       "\n",
       "    .dataframe thead th {\n",
       "        text-align: right;\n",
       "    }\n",
       "</style>\n",
       "<table border=\"1\" class=\"dataframe\">\n",
       "  <thead>\n",
       "    <tr style=\"text-align: right;\">\n",
       "      <th></th>\n",
       "      <th>depress</th>\n",
       "      <th>alcoabuse</th>\n",
       "      <th>drugabuse</th>\n",
       "      <th>prison</th>\n",
       "      <th>patdivorce</th>\n",
       "      <th>phyabuse1</th>\n",
       "      <th>phyabuse2</th>\n",
       "      <th>verbalabuse</th>\n",
       "      <th>sexabuse1</th>\n",
       "      <th>sexabuse2</th>\n",
       "      <th>sexabuse3</th>\n",
       "      <th>foodinsecure</th>\n",
       "    </tr>\n",
       "  </thead>\n",
       "  <tbody>\n",
       "    <tr>\n",
       "      <th>depress</th>\n",
       "      <td>0.198813</td>\n",
       "      <td>0.142006</td>\n",
       "      <td>0.064677</td>\n",
       "      <td>0.041082</td>\n",
       "      <td>0.101112</td>\n",
       "      <td>0.094567</td>\n",
       "      <td>0.092184</td>\n",
       "      <td>0.138384</td>\n",
       "      <td>0.072008</td>\n",
       "      <td>0.067210</td>\n",
       "      <td>0.048731</td>\n",
       "      <td>0.076159</td>\n",
       "    </tr>\n",
       "    <tr>\n",
       "      <th>alcoabuse</th>\n",
       "      <td>0.142006</td>\n",
       "      <td>0.331373</td>\n",
       "      <td>0.077909</td>\n",
       "      <td>0.069513</td>\n",
       "      <td>0.160321</td>\n",
       "      <td>0.180459</td>\n",
       "      <td>0.132075</td>\n",
       "      <td>0.196393</td>\n",
       "      <td>0.108652</td>\n",
       "      <td>0.098178</td>\n",
       "      <td>0.066532</td>\n",
       "      <td>0.094463</td>\n",
       "    </tr>\n",
       "    <tr>\n",
       "      <th>drugabuse</th>\n",
       "      <td>0.064677</td>\n",
       "      <td>0.077909</td>\n",
       "      <td>0.111002</td>\n",
       "      <td>0.048708</td>\n",
       "      <td>0.063253</td>\n",
       "      <td>0.059880</td>\n",
       "      <td>0.049751</td>\n",
       "      <td>0.077232</td>\n",
       "      <td>0.046324</td>\n",
       "      <td>0.042553</td>\n",
       "      <td>0.029263</td>\n",
       "      <td>0.052288</td>\n",
       "    </tr>\n",
       "    <tr>\n",
       "      <th>prison</th>\n",
       "      <td>0.041082</td>\n",
       "      <td>0.069513</td>\n",
       "      <td>0.048708</td>\n",
       "      <td>0.098912</td>\n",
       "      <td>0.044355</td>\n",
       "      <td>0.062124</td>\n",
       "      <td>0.045954</td>\n",
       "      <td>0.065458</td>\n",
       "      <td>0.042381</td>\n",
       "      <td>0.037563</td>\n",
       "      <td>0.022245</td>\n",
       "      <td>0.045752</td>\n",
       "    </tr>\n",
       "    <tr>\n",
       "      <th>patdivorce</th>\n",
       "      <td>0.101112</td>\n",
       "      <td>0.160321</td>\n",
       "      <td>0.063253</td>\n",
       "      <td>0.044355</td>\n",
       "      <td>0.293413</td>\n",
       "      <td>0.136640</td>\n",
       "      <td>0.112903</td>\n",
       "      <td>0.152594</td>\n",
       "      <td>0.084780</td>\n",
       "      <td>0.069815</td>\n",
       "      <td>0.054082</td>\n",
       "      <td>0.086093</td>\n",
       "    </tr>\n",
       "    <tr>\n",
       "      <th>phyabuse1</th>\n",
       "      <td>0.094567</td>\n",
       "      <td>0.180459</td>\n",
       "      <td>0.059880</td>\n",
       "      <td>0.062124</td>\n",
       "      <td>0.136640</td>\n",
       "      <td>0.253227</td>\n",
       "      <td>0.136136</td>\n",
       "      <td>0.177958</td>\n",
       "      <td>0.081054</td>\n",
       "      <td>0.069459</td>\n",
       "      <td>0.051829</td>\n",
       "      <td>0.085526</td>\n",
       "    </tr>\n",
       "    <tr>\n",
       "      <th>phyabuse2</th>\n",
       "      <td>0.092184</td>\n",
       "      <td>0.132075</td>\n",
       "      <td>0.049751</td>\n",
       "      <td>0.045954</td>\n",
       "      <td>0.112903</td>\n",
       "      <td>0.136136</td>\n",
       "      <td>0.225519</td>\n",
       "      <td>0.177711</td>\n",
       "      <td>0.087790</td>\n",
       "      <td>0.074112</td>\n",
       "      <td>0.050556</td>\n",
       "      <td>0.082237</td>\n",
       "    </tr>\n",
       "    <tr>\n",
       "      <th>verbalabuse</th>\n",
       "      <td>0.138384</td>\n",
       "      <td>0.196393</td>\n",
       "      <td>0.077232</td>\n",
       "      <td>0.065458</td>\n",
       "      <td>0.152594</td>\n",
       "      <td>0.177958</td>\n",
       "      <td>0.177711</td>\n",
       "      <td>0.319361</td>\n",
       "      <td>0.109645</td>\n",
       "      <td>0.096840</td>\n",
       "      <td>0.062055</td>\n",
       "      <td>0.089404</td>\n",
       "    </tr>\n",
       "    <tr>\n",
       "      <th>sexabuse1</th>\n",
       "      <td>0.072008</td>\n",
       "      <td>0.108652</td>\n",
       "      <td>0.046324</td>\n",
       "      <td>0.042381</td>\n",
       "      <td>0.084780</td>\n",
       "      <td>0.081054</td>\n",
       "      <td>0.087790</td>\n",
       "      <td>0.109645</td>\n",
       "      <td>0.180361</td>\n",
       "      <td>0.121951</td>\n",
       "      <td>0.093117</td>\n",
       "      <td>0.082781</td>\n",
       "    </tr>\n",
       "    <tr>\n",
       "      <th>sexabuse2</th>\n",
       "      <td>0.067210</td>\n",
       "      <td>0.098178</td>\n",
       "      <td>0.042553</td>\n",
       "      <td>0.037563</td>\n",
       "      <td>0.069815</td>\n",
       "      <td>0.069459</td>\n",
       "      <td>0.074112</td>\n",
       "      <td>0.096840</td>\n",
       "      <td>0.121951</td>\n",
       "      <td>0.141129</td>\n",
       "      <td>0.077079</td>\n",
       "      <td>0.069079</td>\n",
       "    </tr>\n",
       "    <tr>\n",
       "      <th>sexabuse3</th>\n",
       "      <td>0.048731</td>\n",
       "      <td>0.066532</td>\n",
       "      <td>0.029263</td>\n",
       "      <td>0.022245</td>\n",
       "      <td>0.054082</td>\n",
       "      <td>0.051829</td>\n",
       "      <td>0.050556</td>\n",
       "      <td>0.062055</td>\n",
       "      <td>0.093117</td>\n",
       "      <td>0.077079</td>\n",
       "      <td>0.113454</td>\n",
       "      <td>0.052805</td>\n",
       "    </tr>\n",
       "    <tr>\n",
       "      <th>foodinsecure</th>\n",
       "      <td>0.076159</td>\n",
       "      <td>0.094463</td>\n",
       "      <td>0.052288</td>\n",
       "      <td>0.045752</td>\n",
       "      <td>0.086093</td>\n",
       "      <td>0.085526</td>\n",
       "      <td>0.082237</td>\n",
       "      <td>0.089404</td>\n",
       "      <td>0.082781</td>\n",
       "      <td>0.069079</td>\n",
       "      <td>0.052805</td>\n",
       "      <td>0.195423</td>\n",
       "    </tr>\n",
       "  </tbody>\n",
       "</table>\n",
       "</div>"
      ],
      "text/plain": [
       "               depress  alcoabuse  drugabuse    prison  patdivorce  phyabuse1  \\\n",
       "depress       0.198813   0.142006   0.064677  0.041082    0.101112   0.094567   \n",
       "alcoabuse     0.142006   0.331373   0.077909  0.069513    0.160321   0.180459   \n",
       "drugabuse     0.064677   0.077909   0.111002  0.048708    0.063253   0.059880   \n",
       "prison        0.041082   0.069513   0.048708  0.098912    0.044355   0.062124   \n",
       "patdivorce    0.101112   0.160321   0.063253  0.044355    0.293413   0.136640   \n",
       "phyabuse1     0.094567   0.180459   0.059880  0.062124    0.136640   0.253227   \n",
       "phyabuse2     0.092184   0.132075   0.049751  0.045954    0.112903   0.136136   \n",
       "verbalabuse   0.138384   0.196393   0.077232  0.065458    0.152594   0.177958   \n",
       "sexabuse1     0.072008   0.108652   0.046324  0.042381    0.084780   0.081054   \n",
       "sexabuse2     0.067210   0.098178   0.042553  0.037563    0.069815   0.069459   \n",
       "sexabuse3     0.048731   0.066532   0.029263  0.022245    0.054082   0.051829   \n",
       "foodinsecure  0.076159   0.094463   0.052288  0.045752    0.086093   0.085526   \n",
       "\n",
       "              phyabuse2  verbalabuse  sexabuse1  sexabuse2  sexabuse3  \\\n",
       "depress        0.092184     0.138384   0.072008   0.067210   0.048731   \n",
       "alcoabuse      0.132075     0.196393   0.108652   0.098178   0.066532   \n",
       "drugabuse      0.049751     0.077232   0.046324   0.042553   0.029263   \n",
       "prison         0.045954     0.065458   0.042381   0.037563   0.022245   \n",
       "patdivorce     0.112903     0.152594   0.084780   0.069815   0.054082   \n",
       "phyabuse1      0.136136     0.177958   0.081054   0.069459   0.051829   \n",
       "phyabuse2      0.225519     0.177711   0.087790   0.074112   0.050556   \n",
       "verbalabuse    0.177711     0.319361   0.109645   0.096840   0.062055   \n",
       "sexabuse1      0.087790     0.109645   0.180361   0.121951   0.093117   \n",
       "sexabuse2      0.074112     0.096840   0.121951   0.141129   0.077079   \n",
       "sexabuse3      0.050556     0.062055   0.093117   0.077079   0.113454   \n",
       "foodinsecure   0.082237     0.089404   0.082781   0.069079   0.052805   \n",
       "\n",
       "              foodinsecure  \n",
       "depress           0.076159  \n",
       "alcoabuse         0.094463  \n",
       "drugabuse         0.052288  \n",
       "prison            0.045752  \n",
       "patdivorce        0.086093  \n",
       "phyabuse1         0.085526  \n",
       "phyabuse2         0.082237  \n",
       "verbalabuse       0.089404  \n",
       "sexabuse1         0.082781  \n",
       "sexabuse2         0.069079  \n",
       "sexabuse3         0.052805  \n",
       "foodinsecure      0.195423  "
      ]
     },
     "execution_count": 11,
     "metadata": {},
     "output_type": "execute_result"
    }
   ],
   "source": [
    "bst_result_bf.get_prop_mat(1,1)['pr']"
   ]
  },
  {
   "cell_type": "code",
   "execution_count": 12,
   "metadata": {},
   "outputs": [
    {
     "data": {
      "text/html": [
       "<div>\n",
       "<style scoped>\n",
       "    .dataframe tbody tr th:only-of-type {\n",
       "        vertical-align: middle;\n",
       "    }\n",
       "\n",
       "    .dataframe tbody tr th {\n",
       "        vertical-align: top;\n",
       "    }\n",
       "\n",
       "    .dataframe thead th {\n",
       "        text-align: right;\n",
       "    }\n",
       "</style>\n",
       "<table border=\"1\" class=\"dataframe\">\n",
       "  <thead>\n",
       "    <tr style=\"text-align: right;\">\n",
       "      <th></th>\n",
       "      <th>depress</th>\n",
       "      <th>alcoabuse</th>\n",
       "      <th>drugabuse</th>\n",
       "      <th>prison</th>\n",
       "      <th>patdivorce</th>\n",
       "      <th>phyabuse1</th>\n",
       "      <th>phyabuse2</th>\n",
       "      <th>verbalabuse</th>\n",
       "      <th>sexabuse1</th>\n",
       "      <th>sexabuse2</th>\n",
       "      <th>sexabuse3</th>\n",
       "      <th>foodinsecure</th>\n",
       "    </tr>\n",
       "  </thead>\n",
       "  <tbody>\n",
       "    <tr>\n",
       "      <th>depress</th>\n",
       "      <td>1.000000</td>\n",
       "      <td>0.404163</td>\n",
       "      <td>0.338440</td>\n",
       "      <td>0.183081</td>\n",
       "      <td>0.243270</td>\n",
       "      <td>0.271984</td>\n",
       "      <td>0.289726</td>\n",
       "      <td>0.400561</td>\n",
       "      <td>0.239007</td>\n",
       "      <td>0.278898</td>\n",
       "      <td>0.204675</td>\n",
       "      <td>0.284058</td>\n",
       "    </tr>\n",
       "    <tr>\n",
       "      <th>alcoabuse</th>\n",
       "      <td>0.404163</td>\n",
       "      <td>1.000000</td>\n",
       "      <td>0.276686</td>\n",
       "      <td>0.261558</td>\n",
       "      <td>0.299787</td>\n",
       "      <td>0.477022</td>\n",
       "      <td>0.289939</td>\n",
       "      <td>0.406590</td>\n",
       "      <td>0.270043</td>\n",
       "      <td>0.313595</td>\n",
       "      <td>0.194986</td>\n",
       "      <td>0.234805</td>\n",
       "    </tr>\n",
       "    <tr>\n",
       "      <th>drugabuse</th>\n",
       "      <td>0.338440</td>\n",
       "      <td>0.276686</td>\n",
       "      <td>1.000000</td>\n",
       "      <td>0.413655</td>\n",
       "      <td>0.224283</td>\n",
       "      <td>0.238503</td>\n",
       "      <td>0.192670</td>\n",
       "      <td>0.282304</td>\n",
       "      <td>0.222245</td>\n",
       "      <td>0.251747</td>\n",
       "      <td>0.173736</td>\n",
       "      <td>0.328917</td>\n",
       "    </tr>\n",
       "    <tr>\n",
       "      <th>prison</th>\n",
       "      <td>0.183081</td>\n",
       "      <td>0.261558</td>\n",
       "      <td>0.413655</td>\n",
       "      <td>1.000000</td>\n",
       "      <td>0.133225</td>\n",
       "      <td>0.292183</td>\n",
       "      <td>0.191033</td>\n",
       "      <td>0.243572</td>\n",
       "      <td>0.215221</td>\n",
       "      <td>0.231480</td>\n",
       "      <td>0.121226</td>\n",
       "      <td>0.293701</td>\n",
       "    </tr>\n",
       "    <tr>\n",
       "      <th>patdivorce</th>\n",
       "      <td>0.243270</td>\n",
       "      <td>0.299787</td>\n",
       "      <td>0.224283</td>\n",
       "      <td>0.133225</td>\n",
       "      <td>1.000000</td>\n",
       "      <td>0.337706</td>\n",
       "      <td>0.247072</td>\n",
       "      <td>0.284270</td>\n",
       "      <td>0.183513</td>\n",
       "      <td>0.178986</td>\n",
       "      <td>0.149550</td>\n",
       "      <td>0.290512</td>\n",
       "    </tr>\n",
       "    <tr>\n",
       "      <th>phyabuse1</th>\n",
       "      <td>0.271984</td>\n",
       "      <td>0.477022</td>\n",
       "      <td>0.238503</td>\n",
       "      <td>0.292183</td>\n",
       "      <td>0.337706</td>\n",
       "      <td>1.000000</td>\n",
       "      <td>0.437792</td>\n",
       "      <td>0.495830</td>\n",
       "      <td>0.229949</td>\n",
       "      <td>0.246499</td>\n",
       "      <td>0.176103</td>\n",
       "      <td>0.295502</td>\n",
       "    </tr>\n",
       "    <tr>\n",
       "      <th>phyabuse2</th>\n",
       "      <td>0.289726</td>\n",
       "      <td>0.289939</td>\n",
       "      <td>0.192670</td>\n",
       "      <td>0.191033</td>\n",
       "      <td>0.247072</td>\n",
       "      <td>0.437792</td>\n",
       "      <td>1.000000</td>\n",
       "      <td>0.539104</td>\n",
       "      <td>0.303876</td>\n",
       "      <td>0.310096</td>\n",
       "      <td>0.202311</td>\n",
       "      <td>0.309693</td>\n",
       "    </tr>\n",
       "    <tr>\n",
       "      <th>verbalabuse</th>\n",
       "      <td>0.400561</td>\n",
       "      <td>0.406590</td>\n",
       "      <td>0.282304</td>\n",
       "      <td>0.243572</td>\n",
       "      <td>0.284270</td>\n",
       "      <td>0.495830</td>\n",
       "      <td>0.539104</td>\n",
       "      <td>1.000000</td>\n",
       "      <td>0.300088</td>\n",
       "      <td>0.323473</td>\n",
       "      <td>0.183658</td>\n",
       "      <td>0.220581</td>\n",
       "    </tr>\n",
       "    <tr>\n",
       "      <th>sexabuse1</th>\n",
       "      <td>0.239007</td>\n",
       "      <td>0.270043</td>\n",
       "      <td>0.222245</td>\n",
       "      <td>0.215221</td>\n",
       "      <td>0.183513</td>\n",
       "      <td>0.229949</td>\n",
       "      <td>0.303876</td>\n",
       "      <td>0.300088</td>\n",
       "      <td>1.000000</td>\n",
       "      <td>0.752983</td>\n",
       "      <td>0.611350</td>\n",
       "      <td>0.328300</td>\n",
       "    </tr>\n",
       "    <tr>\n",
       "      <th>sexabuse2</th>\n",
       "      <td>0.278898</td>\n",
       "      <td>0.313595</td>\n",
       "      <td>0.251747</td>\n",
       "      <td>0.231480</td>\n",
       "      <td>0.178986</td>\n",
       "      <td>0.246499</td>\n",
       "      <td>0.310096</td>\n",
       "      <td>0.323473</td>\n",
       "      <td>0.752983</td>\n",
       "      <td>1.000000</td>\n",
       "      <td>0.578269</td>\n",
       "      <td>0.339151</td>\n",
       "    </tr>\n",
       "    <tr>\n",
       "      <th>sexabuse3</th>\n",
       "      <td>0.204675</td>\n",
       "      <td>0.194986</td>\n",
       "      <td>0.173736</td>\n",
       "      <td>0.121226</td>\n",
       "      <td>0.149550</td>\n",
       "      <td>0.176103</td>\n",
       "      <td>0.202311</td>\n",
       "      <td>0.183658</td>\n",
       "      <td>0.611350</td>\n",
       "      <td>0.578269</td>\n",
       "      <td>1.000000</td>\n",
       "      <td>0.248539</td>\n",
       "    </tr>\n",
       "    <tr>\n",
       "      <th>foodinsecure</th>\n",
       "      <td>0.284058</td>\n",
       "      <td>0.234805</td>\n",
       "      <td>0.328917</td>\n",
       "      <td>0.293701</td>\n",
       "      <td>0.290512</td>\n",
       "      <td>0.295502</td>\n",
       "      <td>0.309693</td>\n",
       "      <td>0.220581</td>\n",
       "      <td>0.328300</td>\n",
       "      <td>0.339151</td>\n",
       "      <td>0.248539</td>\n",
       "      <td>1.000000</td>\n",
       "    </tr>\n",
       "  </tbody>\n",
       "</table>\n",
       "</div>"
      ],
      "text/plain": [
       "               depress  alcoabuse  drugabuse    prison  patdivorce  phyabuse1  \\\n",
       "depress       1.000000   0.404163   0.338440  0.183081    0.243270   0.271984   \n",
       "alcoabuse     0.404163   1.000000   0.276686  0.261558    0.299787   0.477022   \n",
       "drugabuse     0.338440   0.276686   1.000000  0.413655    0.224283   0.238503   \n",
       "prison        0.183081   0.261558   0.413655  1.000000    0.133225   0.292183   \n",
       "patdivorce    0.243270   0.299787   0.224283  0.133225    1.000000   0.337706   \n",
       "phyabuse1     0.271984   0.477022   0.238503  0.292183    0.337706   1.000000   \n",
       "phyabuse2     0.289726   0.289939   0.192670  0.191033    0.247072   0.437792   \n",
       "verbalabuse   0.400561   0.406590   0.282304  0.243572    0.284270   0.495830   \n",
       "sexabuse1     0.239007   0.270043   0.222245  0.215221    0.183513   0.229949   \n",
       "sexabuse2     0.278898   0.313595   0.251747  0.231480    0.178986   0.246499   \n",
       "sexabuse3     0.204675   0.194986   0.173736  0.121226    0.149550   0.176103   \n",
       "foodinsecure  0.284058   0.234805   0.328917  0.293701    0.290512   0.295502   \n",
       "\n",
       "              phyabuse2  verbalabuse  sexabuse1  sexabuse2  sexabuse3  \\\n",
       "depress        0.289726     0.400561   0.239007   0.278898   0.204675   \n",
       "alcoabuse      0.289939     0.406590   0.270043   0.313595   0.194986   \n",
       "drugabuse      0.192670     0.282304   0.222245   0.251747   0.173736   \n",
       "prison         0.191033     0.243572   0.215221   0.231480   0.121226   \n",
       "patdivorce     0.247072     0.284270   0.183513   0.178986   0.149550   \n",
       "phyabuse1      0.437792     0.495830   0.229949   0.246499   0.176103   \n",
       "phyabuse2      1.000000     0.539104   0.303876   0.310096   0.202311   \n",
       "verbalabuse    0.539104     1.000000   0.300088   0.323473   0.183658   \n",
       "sexabuse1      0.303876     0.300088   1.000000   0.752983   0.611350   \n",
       "sexabuse2      0.310096     0.323473   0.752983   1.000000   0.578269   \n",
       "sexabuse3      0.202311     0.183658   0.611350   0.578269   1.000000   \n",
       "foodinsecure   0.309693     0.220581   0.328300   0.339151   0.248539   \n",
       "\n",
       "              foodinsecure  \n",
       "depress           0.284058  \n",
       "alcoabuse         0.234805  \n",
       "drugabuse         0.328917  \n",
       "prison            0.293701  \n",
       "patdivorce        0.290512  \n",
       "phyabuse1         0.295502  \n",
       "phyabuse2         0.309693  \n",
       "verbalabuse       0.220581  \n",
       "sexabuse1         0.328300  \n",
       "sexabuse2         0.339151  \n",
       "sexabuse3         0.248539  \n",
       "foodinsecure      1.000000  "
      ]
     },
     "execution_count": 12,
     "metadata": {},
     "output_type": "execute_result"
    }
   ],
   "source": [
    "bst_result_bf.get_corr_mat(1,1)"
   ]
  },
  {
   "cell_type": "code",
   "execution_count": null,
   "metadata": {},
   "outputs": [],
   "source": []
  }
 ],
 "metadata": {
  "kernelspec": {
   "display_name": "Python 3",
   "language": "python",
   "name": "python3"
  },
  "language_info": {
   "codemirror_mode": {
    "name": "ipython",
    "version": 3
   },
   "file_extension": ".py",
   "mimetype": "text/x-python",
   "name": "python",
   "nbconvert_exporter": "python",
   "pygments_lexer": "ipython3",
   "version": "3.8.2"
  }
 },
 "nbformat": 4,
 "nbformat_minor": 4
}
