{
 "cells": [
  {
   "cell_type": "code",
   "execution_count": 63,
   "metadata": {},
   "outputs": [
    {
     "name": "stdout",
     "output_type": "stream",
     "text": [
      "Race: White, Income: < 15000\n"
     ]
    },
    {
     "data": {
      "text/html": [
       "<div>\n",
       "<style scoped>\n",
       "    .dataframe tbody tr th:only-of-type {\n",
       "        vertical-align: middle;\n",
       "    }\n",
       "\n",
       "    .dataframe tbody tr th {\n",
       "        vertical-align: top;\n",
       "    }\n",
       "\n",
       "    .dataframe thead th {\n",
       "        text-align: right;\n",
       "    }\n",
       "</style>\n",
       "<table border=\"1\" class=\"dataframe\">\n",
       "  <thead>\n",
       "    <tr style=\"text-align: right;\">\n",
       "      <th></th>\n",
       "      <th>depress</th>\n",
       "      <th>alcoabuse</th>\n",
       "      <th>drugabuse</th>\n",
       "      <th>prison</th>\n",
       "      <th>patdivorce</th>\n",
       "      <th>phyabuse1</th>\n",
       "      <th>phyabuse2</th>\n",
       "      <th>verbalabuse</th>\n",
       "      <th>sexabuse1</th>\n",
       "      <th>sexabuse2</th>\n",
       "      <th>sexabuse3</th>\n",
       "      <th>foodinsecure</th>\n",
       "    </tr>\n",
       "  </thead>\n",
       "  <tbody>\n",
       "    <tr>\n",
       "      <th>depress</th>\n",
       "      <td>0.211705</td>\n",
       "      <td>0.135606</td>\n",
       "      <td>0.066278</td>\n",
       "      <td>0.047965</td>\n",
       "      <td>0.102432</td>\n",
       "      <td>0.109882</td>\n",
       "      <td>0.096350</td>\n",
       "      <td>0.146413</td>\n",
       "      <td>0.080324</td>\n",
       "      <td>0.072539</td>\n",
       "      <td>0.054613</td>\n",
       "      <td>0.073171</td>\n",
       "    </tr>\n",
       "    <tr>\n",
       "      <th>alcoabuse</th>\n",
       "      <td>0.135606</td>\n",
       "      <td>0.333333</td>\n",
       "      <td>0.076424</td>\n",
       "      <td>0.083513</td>\n",
       "      <td>0.160584</td>\n",
       "      <td>0.183346</td>\n",
       "      <td>0.132948</td>\n",
       "      <td>0.198695</td>\n",
       "      <td>0.111679</td>\n",
       "      <td>0.092511</td>\n",
       "      <td>0.068764</td>\n",
       "      <td>0.092457</td>\n",
       "    </tr>\n",
       "    <tr>\n",
       "      <th>drugabuse</th>\n",
       "      <td>0.066278</td>\n",
       "      <td>0.076424</td>\n",
       "      <td>0.108477</td>\n",
       "      <td>0.048410</td>\n",
       "      <td>0.062317</td>\n",
       "      <td>0.059341</td>\n",
       "      <td>0.047170</td>\n",
       "      <td>0.077875</td>\n",
       "      <td>0.043223</td>\n",
       "      <td>0.039057</td>\n",
       "      <td>0.030837</td>\n",
       "      <td>0.039024</td>\n",
       "    </tr>\n",
       "    <tr>\n",
       "      <th>prison</th>\n",
       "      <td>0.047965</td>\n",
       "      <td>0.083513</td>\n",
       "      <td>0.048410</td>\n",
       "      <td>0.107604</td>\n",
       "      <td>0.058480</td>\n",
       "      <td>0.067202</td>\n",
       "      <td>0.046276</td>\n",
       "      <td>0.071118</td>\n",
       "      <td>0.047445</td>\n",
       "      <td>0.037445</td>\n",
       "      <td>0.026335</td>\n",
       "      <td>0.050971</td>\n",
       "    </tr>\n",
       "    <tr>\n",
       "      <th>patdivorce</th>\n",
       "      <td>0.102432</td>\n",
       "      <td>0.160584</td>\n",
       "      <td>0.062317</td>\n",
       "      <td>0.058480</td>\n",
       "      <td>0.297965</td>\n",
       "      <td>0.137037</td>\n",
       "      <td>0.109238</td>\n",
       "      <td>0.157469</td>\n",
       "      <td>0.083766</td>\n",
       "      <td>0.064036</td>\n",
       "      <td>0.051852</td>\n",
       "      <td>0.100985</td>\n",
       "    </tr>\n",
       "    <tr>\n",
       "      <th>phyabuse1</th>\n",
       "      <td>0.109882</td>\n",
       "      <td>0.183346</td>\n",
       "      <td>0.059341</td>\n",
       "      <td>0.067202</td>\n",
       "      <td>0.137037</td>\n",
       "      <td>0.261091</td>\n",
       "      <td>0.133431</td>\n",
       "      <td>0.177336</td>\n",
       "      <td>0.088083</td>\n",
       "      <td>0.070843</td>\n",
       "      <td>0.058649</td>\n",
       "      <td>0.098765</td>\n",
       "    </tr>\n",
       "    <tr>\n",
       "      <th>phyabuse2</th>\n",
       "      <td>0.096350</td>\n",
       "      <td>0.132948</td>\n",
       "      <td>0.047170</td>\n",
       "      <td>0.046276</td>\n",
       "      <td>0.109238</td>\n",
       "      <td>0.133431</td>\n",
       "      <td>0.221583</td>\n",
       "      <td>0.188953</td>\n",
       "      <td>0.089377</td>\n",
       "      <td>0.070007</td>\n",
       "      <td>0.053598</td>\n",
       "      <td>0.087591</td>\n",
       "    </tr>\n",
       "    <tr>\n",
       "      <th>verbalabuse</th>\n",
       "      <td>0.146413</td>\n",
       "      <td>0.198695</td>\n",
       "      <td>0.077875</td>\n",
       "      <td>0.071118</td>\n",
       "      <td>0.157469</td>\n",
       "      <td>0.177336</td>\n",
       "      <td>0.188953</td>\n",
       "      <td>0.345848</td>\n",
       "      <td>0.125551</td>\n",
       "      <td>0.098155</td>\n",
       "      <td>0.070640</td>\n",
       "      <td>0.108374</td>\n",
       "    </tr>\n",
       "    <tr>\n",
       "      <th>sexabuse1</th>\n",
       "      <td>0.080324</td>\n",
       "      <td>0.111679</td>\n",
       "      <td>0.043223</td>\n",
       "      <td>0.047445</td>\n",
       "      <td>0.083766</td>\n",
       "      <td>0.088083</td>\n",
       "      <td>0.089377</td>\n",
       "      <td>0.125551</td>\n",
       "      <td>0.189091</td>\n",
       "      <td>0.125276</td>\n",
       "      <td>0.093314</td>\n",
       "      <td>0.071253</td>\n",
       "    </tr>\n",
       "    <tr>\n",
       "      <th>sexabuse2</th>\n",
       "      <td>0.072539</td>\n",
       "      <td>0.092511</td>\n",
       "      <td>0.039057</td>\n",
       "      <td>0.037445</td>\n",
       "      <td>0.064036</td>\n",
       "      <td>0.070843</td>\n",
       "      <td>0.070007</td>\n",
       "      <td>0.098155</td>\n",
       "      <td>0.125276</td>\n",
       "      <td>0.141185</td>\n",
       "      <td>0.080942</td>\n",
       "      <td>0.056373</td>\n",
       "    </tr>\n",
       "    <tr>\n",
       "      <th>sexabuse3</th>\n",
       "      <td>0.054613</td>\n",
       "      <td>0.068764</td>\n",
       "      <td>0.030837</td>\n",
       "      <td>0.026335</td>\n",
       "      <td>0.051852</td>\n",
       "      <td>0.058649</td>\n",
       "      <td>0.053598</td>\n",
       "      <td>0.070640</td>\n",
       "      <td>0.093314</td>\n",
       "      <td>0.080942</td>\n",
       "      <td>0.107872</td>\n",
       "      <td>0.046683</td>\n",
       "    </tr>\n",
       "    <tr>\n",
       "      <th>foodinsecure</th>\n",
       "      <td>0.073171</td>\n",
       "      <td>0.092457</td>\n",
       "      <td>0.039024</td>\n",
       "      <td>0.050971</td>\n",
       "      <td>0.100985</td>\n",
       "      <td>0.098765</td>\n",
       "      <td>0.087591</td>\n",
       "      <td>0.108374</td>\n",
       "      <td>0.071253</td>\n",
       "      <td>0.056373</td>\n",
       "      <td>0.046683</td>\n",
       "      <td>0.206410</td>\n",
       "    </tr>\n",
       "  </tbody>\n",
       "</table>\n",
       "</div>"
      ],
      "text/plain": [
       "               depress  alcoabuse  drugabuse    prison  patdivorce  phyabuse1  \\\n",
       "depress       0.211705   0.135606   0.066278  0.047965    0.102432   0.109882   \n",
       "alcoabuse     0.135606   0.333333   0.076424  0.083513    0.160584   0.183346   \n",
       "drugabuse     0.066278   0.076424   0.108477  0.048410    0.062317   0.059341   \n",
       "prison        0.047965   0.083513   0.048410  0.107604    0.058480   0.067202   \n",
       "patdivorce    0.102432   0.160584   0.062317  0.058480    0.297965   0.137037   \n",
       "phyabuse1     0.109882   0.183346   0.059341  0.067202    0.137037   0.261091   \n",
       "phyabuse2     0.096350   0.132948   0.047170  0.046276    0.109238   0.133431   \n",
       "verbalabuse   0.146413   0.198695   0.077875  0.071118    0.157469   0.177336   \n",
       "sexabuse1     0.080324   0.111679   0.043223  0.047445    0.083766   0.088083   \n",
       "sexabuse2     0.072539   0.092511   0.039057  0.037445    0.064036   0.070843   \n",
       "sexabuse3     0.054613   0.068764   0.030837  0.026335    0.051852   0.058649   \n",
       "foodinsecure  0.073171   0.092457   0.039024  0.050971    0.100985   0.098765   \n",
       "\n",
       "              phyabuse2  verbalabuse  sexabuse1  sexabuse2  sexabuse3  \\\n",
       "depress        0.096350     0.146413   0.080324   0.072539   0.054613   \n",
       "alcoabuse      0.132948     0.198695   0.111679   0.092511   0.068764   \n",
       "drugabuse      0.047170     0.077875   0.043223   0.039057   0.030837   \n",
       "prison         0.046276     0.071118   0.047445   0.037445   0.026335   \n",
       "patdivorce     0.109238     0.157469   0.083766   0.064036   0.051852   \n",
       "phyabuse1      0.133431     0.177336   0.088083   0.070843   0.058649   \n",
       "phyabuse2      0.221583     0.188953   0.089377   0.070007   0.053598   \n",
       "verbalabuse    0.188953     0.345848   0.125551   0.098155   0.070640   \n",
       "sexabuse1      0.089377     0.125551   0.189091   0.125276   0.093314   \n",
       "sexabuse2      0.070007     0.098155   0.125276   0.141185   0.080942   \n",
       "sexabuse3      0.053598     0.070640   0.093314   0.080942   0.107872   \n",
       "foodinsecure   0.087591     0.108374   0.071253   0.056373   0.046683   \n",
       "\n",
       "              foodinsecure  \n",
       "depress           0.073171  \n",
       "alcoabuse         0.092457  \n",
       "drugabuse         0.039024  \n",
       "prison            0.050971  \n",
       "patdivorce        0.100985  \n",
       "phyabuse1         0.098765  \n",
       "phyabuse2         0.087591  \n",
       "verbalabuse       0.108374  \n",
       "sexabuse1         0.071253  \n",
       "sexabuse2         0.056373  \n",
       "sexabuse3         0.046683  \n",
       "foodinsecure      0.206410  "
      ]
     },
     "metadata": {},
     "output_type": "display_data"
    },
    {
     "name": "stdout",
     "output_type": "stream",
     "text": [
      "\n",
      "Race: White, Income: 15000 - 24999\n"
     ]
    },
    {
     "data": {
      "text/html": [
       "<div>\n",
       "<style scoped>\n",
       "    .dataframe tbody tr th:only-of-type {\n",
       "        vertical-align: middle;\n",
       "    }\n",
       "\n",
       "    .dataframe tbody tr th {\n",
       "        vertical-align: top;\n",
       "    }\n",
       "\n",
       "    .dataframe thead th {\n",
       "        text-align: right;\n",
       "    }\n",
       "</style>\n",
       "<table border=\"1\" class=\"dataframe\">\n",
       "  <thead>\n",
       "    <tr style=\"text-align: right;\">\n",
       "      <th></th>\n",
       "      <th>depress</th>\n",
       "      <th>alcoabuse</th>\n",
       "      <th>drugabuse</th>\n",
       "      <th>prison</th>\n",
       "      <th>patdivorce</th>\n",
       "      <th>phyabuse1</th>\n",
       "      <th>phyabuse2</th>\n",
       "      <th>verbalabuse</th>\n",
       "      <th>sexabuse1</th>\n",
       "      <th>sexabuse2</th>\n",
       "      <th>sexabuse3</th>\n",
       "      <th>foodinsecure</th>\n",
       "    </tr>\n",
       "  </thead>\n",
       "  <tbody>\n",
       "    <tr>\n",
       "      <th>depress</th>\n",
       "      <td>0.163790</td>\n",
       "      <td>0.087476</td>\n",
       "      <td>0.052328</td>\n",
       "      <td>0.031899</td>\n",
       "      <td>0.074117</td>\n",
       "      <td>0.070285</td>\n",
       "      <td>0.065536</td>\n",
       "      <td>0.113663</td>\n",
       "      <td>0.049609</td>\n",
       "      <td>0.036314</td>\n",
       "      <td>0.020647</td>\n",
       "      <td>0.072660</td>\n",
       "    </tr>\n",
       "    <tr>\n",
       "      <th>alcoabuse</th>\n",
       "      <td>0.087476</td>\n",
       "      <td>0.269142</td>\n",
       "      <td>0.067536</td>\n",
       "      <td>0.042945</td>\n",
       "      <td>0.113865</td>\n",
       "      <td>0.116822</td>\n",
       "      <td>0.086890</td>\n",
       "      <td>0.147846</td>\n",
       "      <td>0.057588</td>\n",
       "      <td>0.040840</td>\n",
       "      <td>0.026398</td>\n",
       "      <td>0.088452</td>\n",
       "    </tr>\n",
       "    <tr>\n",
       "      <th>drugabuse</th>\n",
       "      <td>0.052328</td>\n",
       "      <td>0.067536</td>\n",
       "      <td>0.094311</td>\n",
       "      <td>0.033270</td>\n",
       "      <td>0.056392</td>\n",
       "      <td>0.046214</td>\n",
       "      <td>0.039539</td>\n",
       "      <td>0.064366</td>\n",
       "      <td>0.027983</td>\n",
       "      <td>0.022542</td>\n",
       "      <td>0.014358</td>\n",
       "      <td>0.044118</td>\n",
       "    </tr>\n",
       "    <tr>\n",
       "      <th>prison</th>\n",
       "      <td>0.031899</td>\n",
       "      <td>0.042945</td>\n",
       "      <td>0.033270</td>\n",
       "      <td>0.057612</td>\n",
       "      <td>0.035122</td>\n",
       "      <td>0.027961</td>\n",
       "      <td>0.023399</td>\n",
       "      <td>0.037955</td>\n",
       "      <td>0.016712</td>\n",
       "      <td>0.015929</td>\n",
       "      <td>0.007755</td>\n",
       "      <td>0.034272</td>\n",
       "    </tr>\n",
       "    <tr>\n",
       "      <th>patdivorce</th>\n",
       "      <td>0.074117</td>\n",
       "      <td>0.113865</td>\n",
       "      <td>0.056392</td>\n",
       "      <td>0.035122</td>\n",
       "      <td>0.249711</td>\n",
       "      <td>0.100824</td>\n",
       "      <td>0.073199</td>\n",
       "      <td>0.126810</td>\n",
       "      <td>0.049863</td>\n",
       "      <td>0.038854</td>\n",
       "      <td>0.022718</td>\n",
       "      <td>0.073474</td>\n",
       "    </tr>\n",
       "    <tr>\n",
       "      <th>phyabuse1</th>\n",
       "      <td>0.070285</td>\n",
       "      <td>0.116822</td>\n",
       "      <td>0.046214</td>\n",
       "      <td>0.027961</td>\n",
       "      <td>0.100824</td>\n",
       "      <td>0.187670</td>\n",
       "      <td>0.093738</td>\n",
       "      <td>0.131816</td>\n",
       "      <td>0.047713</td>\n",
       "      <td>0.035841</td>\n",
       "      <td>0.025954</td>\n",
       "      <td>0.069652</td>\n",
       "    </tr>\n",
       "    <tr>\n",
       "      <th>phyabuse2</th>\n",
       "      <td>0.065536</td>\n",
       "      <td>0.086890</td>\n",
       "      <td>0.039539</td>\n",
       "      <td>0.023399</td>\n",
       "      <td>0.073199</td>\n",
       "      <td>0.093738</td>\n",
       "      <td>0.155496</td>\n",
       "      <td>0.132946</td>\n",
       "      <td>0.049027</td>\n",
       "      <td>0.038895</td>\n",
       "      <td>0.025999</td>\n",
       "      <td>0.068627</td>\n",
       "    </tr>\n",
       "    <tr>\n",
       "      <th>verbalabuse</th>\n",
       "      <td>0.113663</td>\n",
       "      <td>0.147846</td>\n",
       "      <td>0.064366</td>\n",
       "      <td>0.037955</td>\n",
       "      <td>0.126810</td>\n",
       "      <td>0.131816</td>\n",
       "      <td>0.132946</td>\n",
       "      <td>0.295938</td>\n",
       "      <td>0.071906</td>\n",
       "      <td>0.054203</td>\n",
       "      <td>0.031360</td>\n",
       "      <td>0.099877</td>\n",
       "    </tr>\n",
       "    <tr>\n",
       "      <th>sexabuse1</th>\n",
       "      <td>0.049609</td>\n",
       "      <td>0.057588</td>\n",
       "      <td>0.027983</td>\n",
       "      <td>0.016712</td>\n",
       "      <td>0.049863</td>\n",
       "      <td>0.047713</td>\n",
       "      <td>0.049027</td>\n",
       "      <td>0.071906</td>\n",
       "      <td>0.117579</td>\n",
       "      <td>0.070928</td>\n",
       "      <td>0.043309</td>\n",
       "      <td>0.043641</td>\n",
       "    </tr>\n",
       "    <tr>\n",
       "      <th>sexabuse2</th>\n",
       "      <td>0.036314</td>\n",
       "      <td>0.040840</td>\n",
       "      <td>0.022542</td>\n",
       "      <td>0.015929</td>\n",
       "      <td>0.038854</td>\n",
       "      <td>0.035841</td>\n",
       "      <td>0.038895</td>\n",
       "      <td>0.054203</td>\n",
       "      <td>0.070928</td>\n",
       "      <td>0.082622</td>\n",
       "      <td>0.038596</td>\n",
       "      <td>0.033708</td>\n",
       "    </tr>\n",
       "    <tr>\n",
       "      <th>sexabuse3</th>\n",
       "      <td>0.020647</td>\n",
       "      <td>0.026398</td>\n",
       "      <td>0.014358</td>\n",
       "      <td>0.007755</td>\n",
       "      <td>0.022718</td>\n",
       "      <td>0.025954</td>\n",
       "      <td>0.025999</td>\n",
       "      <td>0.031360</td>\n",
       "      <td>0.043309</td>\n",
       "      <td>0.038596</td>\n",
       "      <td>0.048393</td>\n",
       "      <td>0.022305</td>\n",
       "    </tr>\n",
       "    <tr>\n",
       "      <th>foodinsecure</th>\n",
       "      <td>0.072660</td>\n",
       "      <td>0.088452</td>\n",
       "      <td>0.044118</td>\n",
       "      <td>0.034272</td>\n",
       "      <td>0.073474</td>\n",
       "      <td>0.069652</td>\n",
       "      <td>0.068627</td>\n",
       "      <td>0.099877</td>\n",
       "      <td>0.043641</td>\n",
       "      <td>0.033708</td>\n",
       "      <td>0.022305</td>\n",
       "      <td>0.191194</td>\n",
       "    </tr>\n",
       "  </tbody>\n",
       "</table>\n",
       "</div>"
      ],
      "text/plain": [
       "               depress  alcoabuse  drugabuse    prison  patdivorce  phyabuse1  \\\n",
       "depress       0.163790   0.087476   0.052328  0.031899    0.074117   0.070285   \n",
       "alcoabuse     0.087476   0.269142   0.067536  0.042945    0.113865   0.116822   \n",
       "drugabuse     0.052328   0.067536   0.094311  0.033270    0.056392   0.046214   \n",
       "prison        0.031899   0.042945   0.033270  0.057612    0.035122   0.027961   \n",
       "patdivorce    0.074117   0.113865   0.056392  0.035122    0.249711   0.100824   \n",
       "phyabuse1     0.070285   0.116822   0.046214  0.027961    0.100824   0.187670   \n",
       "phyabuse2     0.065536   0.086890   0.039539  0.023399    0.073199   0.093738   \n",
       "verbalabuse   0.113663   0.147846   0.064366  0.037955    0.126810   0.131816   \n",
       "sexabuse1     0.049609   0.057588   0.027983  0.016712    0.049863   0.047713   \n",
       "sexabuse2     0.036314   0.040840   0.022542  0.015929    0.038854   0.035841   \n",
       "sexabuse3     0.020647   0.026398   0.014358  0.007755    0.022718   0.025954   \n",
       "foodinsecure  0.072660   0.088452   0.044118  0.034272    0.073474   0.069652   \n",
       "\n",
       "              phyabuse2  verbalabuse  sexabuse1  sexabuse2  sexabuse3  \\\n",
       "depress        0.065536     0.113663   0.049609   0.036314   0.020647   \n",
       "alcoabuse      0.086890     0.147846   0.057588   0.040840   0.026398   \n",
       "drugabuse      0.039539     0.064366   0.027983   0.022542   0.014358   \n",
       "prison         0.023399     0.037955   0.016712   0.015929   0.007755   \n",
       "patdivorce     0.073199     0.126810   0.049863   0.038854   0.022718   \n",
       "phyabuse1      0.093738     0.131816   0.047713   0.035841   0.025954   \n",
       "phyabuse2      0.155496     0.132946   0.049027   0.038895   0.025999   \n",
       "verbalabuse    0.132946     0.295938   0.071906   0.054203   0.031360   \n",
       "sexabuse1      0.049027     0.071906   0.117579   0.070928   0.043309   \n",
       "sexabuse2      0.038895     0.054203   0.070928   0.082622   0.038596   \n",
       "sexabuse3      0.025999     0.031360   0.043309   0.038596   0.048393   \n",
       "foodinsecure   0.068627     0.099877   0.043641   0.033708   0.022305   \n",
       "\n",
       "              foodinsecure  \n",
       "depress           0.072660  \n",
       "alcoabuse         0.088452  \n",
       "drugabuse         0.044118  \n",
       "prison            0.034272  \n",
       "patdivorce        0.073474  \n",
       "phyabuse1         0.069652  \n",
       "phyabuse2         0.068627  \n",
       "verbalabuse       0.099877  \n",
       "sexabuse1         0.043641  \n",
       "sexabuse2         0.033708  \n",
       "sexabuse3         0.022305  \n",
       "foodinsecure      0.191194  "
      ]
     },
     "metadata": {},
     "output_type": "display_data"
    },
    {
     "name": "stdout",
     "output_type": "stream",
     "text": [
      "\n",
      "Race: White, Income: 25000 - 34999\n"
     ]
    },
    {
     "data": {
      "text/html": [
       "<div>\n",
       "<style scoped>\n",
       "    .dataframe tbody tr th:only-of-type {\n",
       "        vertical-align: middle;\n",
       "    }\n",
       "\n",
       "    .dataframe tbody tr th {\n",
       "        vertical-align: top;\n",
       "    }\n",
       "\n",
       "    .dataframe thead th {\n",
       "        text-align: right;\n",
       "    }\n",
       "</style>\n",
       "<table border=\"1\" class=\"dataframe\">\n",
       "  <thead>\n",
       "    <tr style=\"text-align: right;\">\n",
       "      <th></th>\n",
       "      <th>depress</th>\n",
       "      <th>alcoabuse</th>\n",
       "      <th>drugabuse</th>\n",
       "      <th>prison</th>\n",
       "      <th>patdivorce</th>\n",
       "      <th>phyabuse1</th>\n",
       "      <th>phyabuse2</th>\n",
       "      <th>verbalabuse</th>\n",
       "      <th>sexabuse1</th>\n",
       "      <th>sexabuse2</th>\n",
       "      <th>sexabuse3</th>\n",
       "      <th>foodinsecure</th>\n",
       "    </tr>\n",
       "  </thead>\n",
       "  <tbody>\n",
       "    <tr>\n",
       "      <th>depress</th>\n",
       "      <td>0.146769</td>\n",
       "      <td>0.075866</td>\n",
       "      <td>0.043884</td>\n",
       "      <td>0.026879</td>\n",
       "      <td>0.055832</td>\n",
       "      <td>0.053621</td>\n",
       "      <td>0.053444</td>\n",
       "      <td>0.090757</td>\n",
       "      <td>0.037099</td>\n",
       "      <td>0.023295</td>\n",
       "      <td>0.015487</td>\n",
       "      <td>0.054482</td>\n",
       "    </tr>\n",
       "    <tr>\n",
       "      <th>alcoabuse</th>\n",
       "      <td>0.075866</td>\n",
       "      <td>0.240306</td>\n",
       "      <td>0.056346</td>\n",
       "      <td>0.038840</td>\n",
       "      <td>0.089305</td>\n",
       "      <td>0.094319</td>\n",
       "      <td>0.069231</td>\n",
       "      <td>0.127222</td>\n",
       "      <td>0.044751</td>\n",
       "      <td>0.030437</td>\n",
       "      <td>0.019857</td>\n",
       "      <td>0.073427</td>\n",
       "    </tr>\n",
       "    <tr>\n",
       "      <th>drugabuse</th>\n",
       "      <td>0.043884</td>\n",
       "      <td>0.056346</td>\n",
       "      <td>0.076839</td>\n",
       "      <td>0.023472</td>\n",
       "      <td>0.039604</td>\n",
       "      <td>0.034122</td>\n",
       "      <td>0.025782</td>\n",
       "      <td>0.046009</td>\n",
       "      <td>0.019846</td>\n",
       "      <td>0.014357</td>\n",
       "      <td>0.008255</td>\n",
       "      <td>0.022688</td>\n",
       "    </tr>\n",
       "    <tr>\n",
       "      <th>prison</th>\n",
       "      <td>0.026879</td>\n",
       "      <td>0.038840</td>\n",
       "      <td>0.023472</td>\n",
       "      <td>0.052861</td>\n",
       "      <td>0.033535</td>\n",
       "      <td>0.024202</td>\n",
       "      <td>0.020833</td>\n",
       "      <td>0.031025</td>\n",
       "      <td>0.012672</td>\n",
       "      <td>0.009382</td>\n",
       "      <td>0.006601</td>\n",
       "      <td>0.031469</td>\n",
       "    </tr>\n",
       "    <tr>\n",
       "      <th>patdivorce</th>\n",
       "      <td>0.055832</td>\n",
       "      <td>0.089305</td>\n",
       "      <td>0.039604</td>\n",
       "      <td>0.033535</td>\n",
       "      <td>0.209775</td>\n",
       "      <td>0.063193</td>\n",
       "      <td>0.053039</td>\n",
       "      <td>0.084869</td>\n",
       "      <td>0.039401</td>\n",
       "      <td>0.026111</td>\n",
       "      <td>0.016066</td>\n",
       "      <td>0.066784</td>\n",
       "    </tr>\n",
       "    <tr>\n",
       "      <th>phyabuse1</th>\n",
       "      <td>0.053621</td>\n",
       "      <td>0.094319</td>\n",
       "      <td>0.034122</td>\n",
       "      <td>0.024202</td>\n",
       "      <td>0.063193</td>\n",
       "      <td>0.152747</td>\n",
       "      <td>0.074586</td>\n",
       "      <td>0.099888</td>\n",
       "      <td>0.041111</td>\n",
       "      <td>0.027268</td>\n",
       "      <td>0.017184</td>\n",
       "      <td>0.070547</td>\n",
       "    </tr>\n",
       "    <tr>\n",
       "      <th>phyabuse2</th>\n",
       "      <td>0.053444</td>\n",
       "      <td>0.069231</td>\n",
       "      <td>0.025782</td>\n",
       "      <td>0.020833</td>\n",
       "      <td>0.053039</td>\n",
       "      <td>0.074586</td>\n",
       "      <td>0.125411</td>\n",
       "      <td>0.101610</td>\n",
       "      <td>0.034826</td>\n",
       "      <td>0.022148</td>\n",
       "      <td>0.015461</td>\n",
       "      <td>0.066550</td>\n",
       "    </tr>\n",
       "    <tr>\n",
       "      <th>verbalabuse</th>\n",
       "      <td>0.090757</td>\n",
       "      <td>0.127222</td>\n",
       "      <td>0.046009</td>\n",
       "      <td>0.031025</td>\n",
       "      <td>0.084869</td>\n",
       "      <td>0.099888</td>\n",
       "      <td>0.101610</td>\n",
       "      <td>0.267847</td>\n",
       "      <td>0.054749</td>\n",
       "      <td>0.035814</td>\n",
       "      <td>0.020636</td>\n",
       "      <td>0.091711</td>\n",
       "    </tr>\n",
       "    <tr>\n",
       "      <th>sexabuse1</th>\n",
       "      <td>0.037099</td>\n",
       "      <td>0.044751</td>\n",
       "      <td>0.019846</td>\n",
       "      <td>0.012672</td>\n",
       "      <td>0.039401</td>\n",
       "      <td>0.041111</td>\n",
       "      <td>0.034826</td>\n",
       "      <td>0.054749</td>\n",
       "      <td>0.099615</td>\n",
       "      <td>0.050829</td>\n",
       "      <td>0.025358</td>\n",
       "      <td>0.045694</td>\n",
       "    </tr>\n",
       "    <tr>\n",
       "      <th>sexabuse2</th>\n",
       "      <td>0.023295</td>\n",
       "      <td>0.030437</td>\n",
       "      <td>0.014357</td>\n",
       "      <td>0.009382</td>\n",
       "      <td>0.026111</td>\n",
       "      <td>0.027268</td>\n",
       "      <td>0.022148</td>\n",
       "      <td>0.035814</td>\n",
       "      <td>0.050829</td>\n",
       "      <td>0.063396</td>\n",
       "      <td>0.022652</td>\n",
       "      <td>0.035273</td>\n",
       "    </tr>\n",
       "    <tr>\n",
       "      <th>sexabuse3</th>\n",
       "      <td>0.015487</td>\n",
       "      <td>0.019857</td>\n",
       "      <td>0.008255</td>\n",
       "      <td>0.006601</td>\n",
       "      <td>0.016066</td>\n",
       "      <td>0.017184</td>\n",
       "      <td>0.015461</td>\n",
       "      <td>0.020636</td>\n",
       "      <td>0.025358</td>\n",
       "      <td>0.022652</td>\n",
       "      <td>0.030769</td>\n",
       "      <td>0.026362</td>\n",
       "    </tr>\n",
       "    <tr>\n",
       "      <th>foodinsecure</th>\n",
       "      <td>0.054482</td>\n",
       "      <td>0.073427</td>\n",
       "      <td>0.022688</td>\n",
       "      <td>0.031469</td>\n",
       "      <td>0.066784</td>\n",
       "      <td>0.070547</td>\n",
       "      <td>0.066550</td>\n",
       "      <td>0.091711</td>\n",
       "      <td>0.045694</td>\n",
       "      <td>0.035273</td>\n",
       "      <td>0.026362</td>\n",
       "      <td>0.154321</td>\n",
       "    </tr>\n",
       "  </tbody>\n",
       "</table>\n",
       "</div>"
      ],
      "text/plain": [
       "               depress  alcoabuse  drugabuse    prison  patdivorce  phyabuse1  \\\n",
       "depress       0.146769   0.075866   0.043884  0.026879    0.055832   0.053621   \n",
       "alcoabuse     0.075866   0.240306   0.056346  0.038840    0.089305   0.094319   \n",
       "drugabuse     0.043884   0.056346   0.076839  0.023472    0.039604   0.034122   \n",
       "prison        0.026879   0.038840   0.023472  0.052861    0.033535   0.024202   \n",
       "patdivorce    0.055832   0.089305   0.039604  0.033535    0.209775   0.063193   \n",
       "phyabuse1     0.053621   0.094319   0.034122  0.024202    0.063193   0.152747   \n",
       "phyabuse2     0.053444   0.069231   0.025782  0.020833    0.053039   0.074586   \n",
       "verbalabuse   0.090757   0.127222   0.046009  0.031025    0.084869   0.099888   \n",
       "sexabuse1     0.037099   0.044751   0.019846  0.012672    0.039401   0.041111   \n",
       "sexabuse2     0.023295   0.030437   0.014357  0.009382    0.026111   0.027268   \n",
       "sexabuse3     0.015487   0.019857   0.008255  0.006601    0.016066   0.017184   \n",
       "foodinsecure  0.054482   0.073427   0.022688  0.031469    0.066784   0.070547   \n",
       "\n",
       "              phyabuse2  verbalabuse  sexabuse1  sexabuse2  sexabuse3  \\\n",
       "depress        0.053444     0.090757   0.037099   0.023295   0.015487   \n",
       "alcoabuse      0.069231     0.127222   0.044751   0.030437   0.019857   \n",
       "drugabuse      0.025782     0.046009   0.019846   0.014357   0.008255   \n",
       "prison         0.020833     0.031025   0.012672   0.009382   0.006601   \n",
       "patdivorce     0.053039     0.084869   0.039401   0.026111   0.016066   \n",
       "phyabuse1      0.074586     0.099888   0.041111   0.027268   0.017184   \n",
       "phyabuse2      0.125411     0.101610   0.034826   0.022148   0.015461   \n",
       "verbalabuse    0.101610     0.267847   0.054749   0.035814   0.020636   \n",
       "sexabuse1      0.034826     0.054749   0.099615   0.050829   0.025358   \n",
       "sexabuse2      0.022148     0.035814   0.050829   0.063396   0.022652   \n",
       "sexabuse3      0.015461     0.020636   0.025358   0.022652   0.030769   \n",
       "foodinsecure   0.066550     0.091711   0.045694   0.035273   0.026362   \n",
       "\n",
       "              foodinsecure  \n",
       "depress           0.054482  \n",
       "alcoabuse         0.073427  \n",
       "drugabuse         0.022688  \n",
       "prison            0.031469  \n",
       "patdivorce        0.066784  \n",
       "phyabuse1         0.070547  \n",
       "phyabuse2         0.066550  \n",
       "verbalabuse       0.091711  \n",
       "sexabuse1         0.045694  \n",
       "sexabuse2         0.035273  \n",
       "sexabuse3         0.026362  \n",
       "foodinsecure      0.154321  "
      ]
     },
     "metadata": {},
     "output_type": "display_data"
    },
    {
     "name": "stdout",
     "output_type": "stream",
     "text": [
      "\n",
      "Race: White, Income: 35000 - 49999\n"
     ]
    },
    {
     "data": {
      "text/html": [
       "<div>\n",
       "<style scoped>\n",
       "    .dataframe tbody tr th:only-of-type {\n",
       "        vertical-align: middle;\n",
       "    }\n",
       "\n",
       "    .dataframe tbody tr th {\n",
       "        vertical-align: top;\n",
       "    }\n",
       "\n",
       "    .dataframe thead th {\n",
       "        text-align: right;\n",
       "    }\n",
       "</style>\n",
       "<table border=\"1\" class=\"dataframe\">\n",
       "  <thead>\n",
       "    <tr style=\"text-align: right;\">\n",
       "      <th></th>\n",
       "      <th>depress</th>\n",
       "      <th>alcoabuse</th>\n",
       "      <th>drugabuse</th>\n",
       "      <th>prison</th>\n",
       "      <th>patdivorce</th>\n",
       "      <th>phyabuse1</th>\n",
       "      <th>phyabuse2</th>\n",
       "      <th>verbalabuse</th>\n",
       "      <th>sexabuse1</th>\n",
       "      <th>sexabuse2</th>\n",
       "      <th>sexabuse3</th>\n",
       "      <th>foodinsecure</th>\n",
       "    </tr>\n",
       "  </thead>\n",
       "  <tbody>\n",
       "    <tr>\n",
       "      <th>depress</th>\n",
       "      <td>0.153333</td>\n",
       "      <td>0.082095</td>\n",
       "      <td>0.044510</td>\n",
       "      <td>0.019681</td>\n",
       "      <td>0.063830</td>\n",
       "      <td>0.056138</td>\n",
       "      <td>0.054255</td>\n",
       "      <td>0.092342</td>\n",
       "      <td>0.041045</td>\n",
       "      <td>0.027912</td>\n",
       "      <td>0.020849</td>\n",
       "      <td>0.041176</td>\n",
       "    </tr>\n",
       "    <tr>\n",
       "      <th>alcoabuse</th>\n",
       "      <td>0.082095</td>\n",
       "      <td>0.252869</td>\n",
       "      <td>0.050056</td>\n",
       "      <td>0.030056</td>\n",
       "      <td>0.102277</td>\n",
       "      <td>0.097305</td>\n",
       "      <td>0.070208</td>\n",
       "      <td>0.131332</td>\n",
       "      <td>0.046980</td>\n",
       "      <td>0.029390</td>\n",
       "      <td>0.019725</td>\n",
       "      <td>0.056338</td>\n",
       "    </tr>\n",
       "    <tr>\n",
       "      <th>drugabuse</th>\n",
       "      <td>0.044510</td>\n",
       "      <td>0.050056</td>\n",
       "      <td>0.072089</td>\n",
       "      <td>0.021868</td>\n",
       "      <td>0.044709</td>\n",
       "      <td>0.034380</td>\n",
       "      <td>0.030404</td>\n",
       "      <td>0.047976</td>\n",
       "      <td>0.020857</td>\n",
       "      <td>0.014487</td>\n",
       "      <td>0.009290</td>\n",
       "      <td>0.016432</td>\n",
       "    </tr>\n",
       "    <tr>\n",
       "      <th>prison</th>\n",
       "      <td>0.019681</td>\n",
       "      <td>0.030056</td>\n",
       "      <td>0.021868</td>\n",
       "      <td>0.044412</td>\n",
       "      <td>0.027612</td>\n",
       "      <td>0.023569</td>\n",
       "      <td>0.018938</td>\n",
       "      <td>0.029257</td>\n",
       "      <td>0.011182</td>\n",
       "      <td>0.009669</td>\n",
       "      <td>0.005208</td>\n",
       "      <td>0.015276</td>\n",
       "    </tr>\n",
       "    <tr>\n",
       "      <th>patdivorce</th>\n",
       "      <td>0.063830</td>\n",
       "      <td>0.102277</td>\n",
       "      <td>0.044709</td>\n",
       "      <td>0.027612</td>\n",
       "      <td>0.219866</td>\n",
       "      <td>0.074840</td>\n",
       "      <td>0.057132</td>\n",
       "      <td>0.099623</td>\n",
       "      <td>0.035246</td>\n",
       "      <td>0.025804</td>\n",
       "      <td>0.013842</td>\n",
       "      <td>0.041420</td>\n",
       "    </tr>\n",
       "    <tr>\n",
       "      <th>phyabuse1</th>\n",
       "      <td>0.056138</td>\n",
       "      <td>0.097305</td>\n",
       "      <td>0.034380</td>\n",
       "      <td>0.023569</td>\n",
       "      <td>0.074840</td>\n",
       "      <td>0.145522</td>\n",
       "      <td>0.069985</td>\n",
       "      <td>0.107791</td>\n",
       "      <td>0.035687</td>\n",
       "      <td>0.026976</td>\n",
       "      <td>0.017248</td>\n",
       "      <td>0.050888</td>\n",
       "    </tr>\n",
       "    <tr>\n",
       "      <th>phyabuse2</th>\n",
       "      <td>0.054255</td>\n",
       "      <td>0.070208</td>\n",
       "      <td>0.030404</td>\n",
       "      <td>0.018938</td>\n",
       "      <td>0.057132</td>\n",
       "      <td>0.069985</td>\n",
       "      <td>0.126667</td>\n",
       "      <td>0.100563</td>\n",
       "      <td>0.034328</td>\n",
       "      <td>0.024563</td>\n",
       "      <td>0.017870</td>\n",
       "      <td>0.045936</td>\n",
       "    </tr>\n",
       "    <tr>\n",
       "      <th>verbalabuse</th>\n",
       "      <td>0.092342</td>\n",
       "      <td>0.131332</td>\n",
       "      <td>0.047976</td>\n",
       "      <td>0.029257</td>\n",
       "      <td>0.099623</td>\n",
       "      <td>0.107791</td>\n",
       "      <td>0.100563</td>\n",
       "      <td>0.274701</td>\n",
       "      <td>0.056561</td>\n",
       "      <td>0.034599</td>\n",
       "      <td>0.024078</td>\n",
       "      <td>0.064133</td>\n",
       "    </tr>\n",
       "    <tr>\n",
       "      <th>sexabuse1</th>\n",
       "      <td>0.041045</td>\n",
       "      <td>0.046980</td>\n",
       "      <td>0.020857</td>\n",
       "      <td>0.011182</td>\n",
       "      <td>0.035246</td>\n",
       "      <td>0.035687</td>\n",
       "      <td>0.034328</td>\n",
       "      <td>0.056561</td>\n",
       "      <td>0.103756</td>\n",
       "      <td>0.055080</td>\n",
       "      <td>0.033557</td>\n",
       "      <td>0.029481</td>\n",
       "    </tr>\n",
       "    <tr>\n",
       "      <th>sexabuse2</th>\n",
       "      <td>0.027912</td>\n",
       "      <td>0.029390</td>\n",
       "      <td>0.014487</td>\n",
       "      <td>0.009669</td>\n",
       "      <td>0.025804</td>\n",
       "      <td>0.026976</td>\n",
       "      <td>0.024563</td>\n",
       "      <td>0.034599</td>\n",
       "      <td>0.055080</td>\n",
       "      <td>0.063798</td>\n",
       "      <td>0.027509</td>\n",
       "      <td>0.019953</td>\n",
       "    </tr>\n",
       "    <tr>\n",
       "      <th>sexabuse3</th>\n",
       "      <td>0.020849</td>\n",
       "      <td>0.019725</td>\n",
       "      <td>0.009290</td>\n",
       "      <td>0.005208</td>\n",
       "      <td>0.013842</td>\n",
       "      <td>0.017248</td>\n",
       "      <td>0.017870</td>\n",
       "      <td>0.024078</td>\n",
       "      <td>0.033557</td>\n",
       "      <td>0.027509</td>\n",
       "      <td>0.038219</td>\n",
       "      <td>0.014101</td>\n",
       "    </tr>\n",
       "    <tr>\n",
       "      <th>foodinsecure</th>\n",
       "      <td>0.041176</td>\n",
       "      <td>0.056338</td>\n",
       "      <td>0.016432</td>\n",
       "      <td>0.015276</td>\n",
       "      <td>0.041420</td>\n",
       "      <td>0.050888</td>\n",
       "      <td>0.045936</td>\n",
       "      <td>0.064133</td>\n",
       "      <td>0.029481</td>\n",
       "      <td>0.019953</td>\n",
       "      <td>0.014101</td>\n",
       "      <td>0.127635</td>\n",
       "    </tr>\n",
       "  </tbody>\n",
       "</table>\n",
       "</div>"
      ],
      "text/plain": [
       "               depress  alcoabuse  drugabuse    prison  patdivorce  phyabuse1  \\\n",
       "depress       0.153333   0.082095   0.044510  0.019681    0.063830   0.056138   \n",
       "alcoabuse     0.082095   0.252869   0.050056  0.030056    0.102277   0.097305   \n",
       "drugabuse     0.044510   0.050056   0.072089  0.021868    0.044709   0.034380   \n",
       "prison        0.019681   0.030056   0.021868  0.044412    0.027612   0.023569   \n",
       "patdivorce    0.063830   0.102277   0.044709  0.027612    0.219866   0.074840   \n",
       "phyabuse1     0.056138   0.097305   0.034380  0.023569    0.074840   0.145522   \n",
       "phyabuse2     0.054255   0.070208   0.030404  0.018938    0.057132   0.069985   \n",
       "verbalabuse   0.092342   0.131332   0.047976  0.029257    0.099623   0.107791   \n",
       "sexabuse1     0.041045   0.046980   0.020857  0.011182    0.035246   0.035687   \n",
       "sexabuse2     0.027912   0.029390   0.014487  0.009669    0.025804   0.026976   \n",
